0.011609977,0
0.023219955,0
0.034829932,0
0.046439909,0
0.058049887,0
0.069659864,0
0.081269841,0
0.092879819,0
0.1044898,0
0.11609977,0
0.12770975,0
0.13931973,0
0.15092971,0
0.16253968,0
0.17414966,0
0.18575964,0
0.19736961,0
0.20897959,0
0.22058957,0
0.23219955,0
0.24380952,0
0.2554195,0
0.26702948,0
0.27863946,0
0.29024943,0
0.30185941,0
0.31346939,0
0.32507937,0
0.33668934,0
0.34829932,0
0.3599093,0
0.37151927,0
0.38312925,0
0.39473923,0
0.40634921,0
0.41795918,0
0.42956916,0
0.44117914,0
0.45278912,0
0.46439909,0
0.47600907,0
0.48761905,0
0.49922902,0
0.510839,0
0.52244898,0
0.53405896,0
0.54566893,0
0.55727891,0
0.56888889,0
0.58049887,0
0.59210884,0
0.60371882,0
0.6153288,0
0.62693878,0
0.63854875,0
0.65015873,0
0.66176871,0
0.67337868,0
0.68498866,0
0.69659864,0
0.70820862,0
0.71981859,0
0.73142857,0
0.74303855,0
0.75464853,0
0.7662585,0
0.77786848,0
0.78947846,0
0.80108844,0
0.81269841,0
0.82430839,0
0.83591837,0
0.84752834,0
0.85913832,0
0.8707483,0
0.88235828,0
0.89396825,0
0.90557823,0
0.91718821,0
0.92879819,0
0.94040816,0
0.95201814,0
0.96362812,0
0.9752381,0
0.98684807,0
0.99845805,0
1.010068,0
1.021678,0
1.033288,0
1.044898,0
1.0565079,0
1.0681179,0
1.0797279,0
1.0913379,0
1.1029478,0
1.1145578,0
1.1261678,0
1.1377778,0
1.1493878,0
1.1609977,0
1.1726077,0
1.1842177,0
1.1958277,0
1.2074376,0
1.2190476,0
1.2306576,0
1.2422676,0
1.2538776,0
1.2654875,0
1.2770975,0
1.2887075,0
1.3003175,0
1.3119274,0
1.3235374,0
1.3351474,0
1.3467574,0
1.3583673,0
1.3699773,0
1.3815873,0
1.3931973,0.036242129
1.4048073,0.094484817
1.4164172,0.11207512
1.4280272,0.1371656
1.4396372,2.3246214
1.4512472,3.9857415
1.4628571,2.922679
1.4744671,3.6204688
1.4860771,3.3622476
1.4976871,3.336389
1.5092971,3.1861605
1.520907,3.2473604
1.532517,2.9998187
1.544127,3.4431287
1.555737,3.3948279
1.5673469,3.2529142
1.5789569,3.4823525
1.5905669,3.2393178
1.6021769,3.0973764
1.6137868,3.3937603
1.6253968,2.8916242
1.6370068,2.2845113
1.6486168,2.8388586
1.6602268,2.3140307
1.6718367,2.7845661
1.6834467,2.486063
1.6950567,2.0321915
1.7066667,2.4272296
1.7182766,2.3164202
1.7298866,2.340386
1.7414966,2.5400654
1.7531066,2.1620605
1.7647166,2.2573912
1.7763265,2.3509832
1.7879365,2.3900557
1.7995465,2.0599358
1.8111565,1.9204703
1.8227664,1.4820675
1.8343764,2.0723873
1.8459864,1.785428
1.8575964,2.0705315
1.8692063,2.0054135
1.8808163,1.5970794
1.8924263,1.9459618
1.9040363,2.2481648
1.9156463,1.9294892
1.9272562,1.8563304
1.9388662,1.8809163
1.9504762,1.6208822
1.9620862,1.7059665
1.9736961,1.9606804
1.9853061,1.6156716
1.9969161,1.5893223
2.0085261,1.2947065
2.0201361,1.8046702
2.031746,1.7750839
2.043356,1.6222821
2.054966,1.8132212
2.066576,1.6533119
2.0781859,1.6059854
2.0897959,1.8302947
2.1014059,1.6344911
2.1130159,1.2427805
2.1246259,1.3728769
2.1362358,1.6875274
2.1478458,1.6600446
2.1594558,1.434457
2.1710658,1.3532007
2.1826757,1.456921
2.1942857,1.5754315
2.2058957,1.6716991
2.2175057,1.607125
2.2291156,1.2905694
2.2407256,1.3946125
2.2523356,1.50715
2.2639456,1.4980114
2.2755556,1.335133
2.2871655,1.2566019
2.2987755,1.3442426
2.3103855,3.2955843
2.3219955,3.4086115
2.3336054,4.0107431
2.3452154,3.6907969
2.3568254,4.0252747
2.3684354,2.9890545
2.3800454,3.5720288
2.3916553,3.1882363
2.4032653,3.3110456
2.4148753,2.7129741
2.4264853,3.0869033
2.4380952,2.7340337
2.4497052,3.0781354
2.4613152,2.8365983
2.4729252,3.2442612
2.4845351,2.8155471
2.4961451,3.121593
2.5077551,3.1334498
2.5193651,3.2642507
2.5309751,3.1972873
2.542585,3.2154364
2.554195,2.9771596
2.565805,2.7271603
2.577415,3.2479594
2.5890249,2.8929878
2.6006349,3.259111
2.6122449,2.9956811
2.6238549,3.1559696
2.6354649,2.7882492
2.6470748,3.1379253
2.6586848,2.8381345
2.6702948,2.8654633
2.6819048,2.4368624
2.6935147,2.6478269
2.7051247,2.0440945
2.7167347,2.5356171
2.7283447,2.1579749
2.7399546,2.4415366
2.7515646,2.2575265
2.7631746,2.1952821
2.7747846,2.1774682
2.7863946,2.0498156
2.7980045,2.38157
2.8096145,2.1330573
2.8212245,2.3207907
2.8328345,2.0447065
2.8444444,2.3185984
2.8560544,1.8815019
2.8676644,2.2525086
2.8792744,2.0550027
2.8908844,2.0919533
2.9024943,2.0422058
2.9141043,1.9870973
2.9257143,1.9634443
2.9373243,2.031692
2.9489342,2.0437976
2.9605442,1.946642
2.9721542,2.0620781
2.9837642,2.292826
2.9953741,3.2840579
3.0069841,3.5767301
3.0185941,4.3566696
3.0302041,4.6310623
3.0418141,3.3063149
3.053424,4.412584
3.065034,4.4535938
3.076644,3.1397879
3.088254,4.3286536
3.0998639,3.9158045
3.1114739,2.9245587
3.1230839,3.9343737
3.1346939,3.9274506
3.1463039,3.4248973
3.1579138,3.9467201
3.1695238,3.41692
3.1811338,3.4821897
3.1927438,3.7431642
3.2043537,3.0435805
3.2159637,3.4445429
3.2275737,4.0341243
3.2391837,3.182334
3.2507937,3.4189247
3.2624036,3.5093055
3.2740136,2.8156031
3.2856236,3.0041955
3.2972336,3.42412
3.3088435,3.2940915
3.3204535,3.2017266
3.3320635,3.3511687
3.3436735,2.7079864
3.3552834,3.0302393
3.3668934,2.9925858
3.3785034,2.547495
3.3901134,3.3428828
3.4017234,3.0929246
3.4133333,2.7031372
3.4249433,3.0630574
3.4365533,2.9112038
3.4481633,2.1448775
3.4597732,2.9352106
3.4713832,2.8529033
3.4829932,2.4126444
3.4946032,2.7864773
3.5062132,2.2105994
3.5178231,2.3723626
3.5294331,2.6677594
3.5410431,2.2356375
3.5526531,3.0772662
3.564263,4.8373145
3.575873,4.8310472
3.587483,4.4943719
3.599093,4.9427876
3.6107029,4.4241606
3.6223129,4.6615155
3.6339229,4.3650835
3.6455329,4.3272674
3.6571429,4.2884804
3.6687528,4.0090107
3.6803628,4.0295623
3.6919728,4.4479606
3.7035828,3.4581513
3.7151927,4.1308098
3.7268027,3.9522056
3.7384127,3.2534751
3.7500227,3.9743893
3.7616327,3.5505029
3.7732426,3.5112351
3.7848526,3.6832798
3.7964626,3.4767621
3.8080726,3.3281045
3.8196825,3.6787921
3.8312925,3.2945355
3.8429025,3.529455
3.8545125,3.6744353
3.8661224,3.0740905
3.8777324,3.6004986
3.8893424,3.3181911
3.9009524,3.3671616
3.9125624,3.4089475
3.9241723,3.3528571
3.9357823,2.958807
3.9473923,3.3437724
3.9590023,2.8446537
3.9706122,2.9322081
3.9822222,2.8928742
3.9938322,2.2118783
4.0054422,3.0311922
4.0170522,2.489106
4.0286621,2.5770987
4.0402721,2.9384948
4.0518821,2.5244578
4.0634921,2.6889116
4.075102,2.8656504
4.086712,2.777625
4.098322,2.3060974
4.109932,3.1757479
4.121542,3.4036646
4.1331519,3.0608453
4.1447619,3.7813283
4.1563719,3.6046888
4.1679819,3.7246785
4.1795918,3.6902461
4.1912018,3.3881245
4.2028118,3.6024679
4.2144218,3.7248372
4.2260317,3.1446764
4.2376417,3.3880741
4.2492517,3.0862222
4.2608617,3.223896
4.2724717,3.2570455
4.2840816,3.6501893
4.2956916,3.1326454
4.3073016,3.4951464
4.3189116,3.38856
4.3305215,3.4406601
4.3421315,3.3776097
4.3537415,3.4800592
4.3653515,3.2751655
4.3769615,3.2805071
4.3885714,3.5054927
4.4001814,3.2400545
4.4117914,3.4950835
4.4234014,3.2592439
4.4350113,3.1458241
4.4466213,2.8604355
4.4582313,2.9594144
4.4698413,2.7998237
4.4814512,2.9616613
4.4930612,2.3508757
4.5046712,2.6925998
4.5162812,2.1464773
4.5278912,2.433056
4.5395011,2.5113925
4.5511111,2.5230246
4.5627211,2.5238637
4.5743311,2.3731538
4.585941,2.3763863
4.597551,2.1133601
4.609161,2.7439701
4.620771,2.268671
4.632381,2.7184218
4.6439909,2.2965309
4.6556009,2.5357093
4.6672109,2.1201404
4.6788209,2.5384164
4.6904308,2.3772308
4.7020408,2.4260764
4.7136508,2.4443246
4.7252608,2.3530657
4.7368707,2.2546355
4.7484807,3.5380069
4.7600907,2.5043086
4.7717007,3.1711275
4.7833107,2.4021813
4.7949206,3.9242992
4.8065306,2.7427945
4.8181406,4.0140106
4.8297506,3.8129311
4.8413605,2.6201689
4.8529705,3.9076323
4.8645805,3.0415833
4.8761905,2.6060392
4.8878005,3.5679581
4.8994104,2.9629085
4.9110204,2.495402
4.9226304,3.2254208
4.9342404,2.577797
4.9458503,2.5797713
4.9574603,3.2685583
4.9690703,2.6802665
4.9806803,2.7655797
4.9922902,3.1642738
5.0039002,2.0746636
5.0155102,2.7722999
5.0271202,3.052396
5.0387302,2.2244006
5.0503401,2.8447982
5.0619501,2.7380659
5.0735601,1.8743541
5.0851701,2.53676
5.09678,2.706721
5.10839,1.9606397
5.12,2.8479346
5.13161,2.3645632
5.14322,2.1943388
5.1548299,2.6865697
5.1664399,1.9122797
5.1780499,2.3194652
5.1896599,2.5783772
5.2012698,2.0454286
5.2128798,2.2779856
5.2244898,2.2359737
5.2360998,1.847865
5.2477098,2.155762
5.2593197,2.0925593
5.2709297,1.8510174
5.2825397,2.2099625
5.2941497,1.9362539
5.3057596,1.6644828
5.3173696,2.1390301
5.3289796,2.0158687
5.3405896,1.5355667
5.3521995,2.1670188
5.3638095,1.8699509
5.3754195,1.5649945
5.3870295,2.0542832
5.3986395,1.4724645
5.4102494,1.8621416
5.4218594,1.5525047
5.4334694,3.4533955
5.4450794,3.5120725
5.4566893,3.1970227
5.4682993,3.7484441
5.4799093,2.8952411
5.4915193,2.8375351
5.5031293,3.501628
5.5147392,2.9182472
5.5263492,3.2164175
5.5379592,3.0546722
5.5495692,3.0579908
5.5611791,2.6354814
5.5727891,2.7336689
5.5843991,3.0624313
5.5960091,2.7286125
5.607619,2.5852347
5.619229,2.66044
5.630839,2.5539557
5.642449,2.6044523
5.654059,2.5120383
5.6656689,2.385272
5.6772789,2.4537282
5.6888889,2.2039576
5.7004989,2.421149
5.7121088,2.4130821
5.7237188,2.1107881
5.7353288,2.4278135
5.7469388,2.5636424
5.7585488,2.3851507
5.7701587,2.3158877
5.7817687,2.4059521
5.7933787,2.063432
5.8049887,2.2125001
5.8165986,2.261628
5.8282086,2.187339
5.8398186,2.0992202
5.8514286,1.9969647
5.8630385,2.1804117
5.8746485,2.1386231
5.8862585,2.1563127
5.8978685,2.1011139
5.9094785,1.8976112
5.9210884,1.710087
5.9326984,2.0566652
5.9443084,1.9901068
5.9559184,1.8627857
5.9675283,1.7613083
5.9791383,1.8401087
5.9907483,1.8589565
6.0023583,2.0821584
6.0139683,1.7485113
6.0255782,1.7901605
6.0371882,1.6197954
6.0487982,1.7691526
6.0604082,1.9809808
6.0720181,1.8343876
6.0836281,1.5296096
6.0952381,1.6981953
6.1068481,1.7581754
6.118458,1.7790726
6.130068,1.7018498
6.141678,1.642004
6.153288,1.489524
6.164898,1.637243
6.1765079,1.8412916
6.1881179,1.6611453
6.1997279,1.4022865
6.2113379,1.5658409
6.2229478,1.6636349
6.2345578,1.6789724
6.2461678,1.7064826
6.2577778,1.9481975
6.2693878,2.9264818
6.2809977,1.9194786
6.2926077,2.6459165
6.3042177,2.231895
6.3158277,2.8575769
6.3274376,2.3241738
6.3390476,3.09779
6.3506576,2.7152844
6.3622676,2.9409049
6.3738776,2.4984147
6.3854875,2.7076087
6.3970975,2.2199962
6.4087075,2.574719
6.4203175,2.1412215
6.4319274,2.6644309
6.4435374,2.1475584
6.4551474,2.9426764
6.4667574,2.4935664
6.4783673,2.8695607
6.4899773,2.5020775
6.5015873,2.6466732
6.5131973,2.4904547
6.5248073,2.6643037
6.5364172,2.6779404
6.5480272,2.6915722
6.5596372,2.6345356
6.5712472,2.6013627
6.5828571,2.5567696
6.5944671,2.6216266
6.6060771,2.4812657
6.6176871,2.4638231
6.6292971,2.285586
6.640907,2.1218756
6.652517,2.1532131
6.664127,2.0069312
6.675737,2.2160772
6.6873469,2.0941728
6.6989569,1.9883689
6.7105669,1.999906
6.7221769,1.997804
6.7337868,2.0084128
6.7453968,1.9314769
6.7570068,2.0326566
6.7686168,1.8873447
6.7802268,2.0443342
6.7918367,1.945561
6.8034467,2.0520554
6.8150567,1.9899452
6.8266667,1.837235
6.8382766,1.9271882
6.8498866,1.7414781
6.8614966,2.0398273
6.8731066,1.6856852
6.8847166,2.0588429
6.8963265,1.6723652
6.9079365,1.9556353
6.9195465,1.5574391
6.9311565,1.9524147
6.9427664,1.484237
6.9543764,1.9348038
6.9659864,1.3877663
6.9775964,1.7599322
6.9892063,1.3737237
7.0008163,1.6161998
7.0124263,1.380378
7.0240363,1.6522659
7.0356463,1.3319229
7.0472562,1.559712
7.0588662,1.2787615
7.0704762,1.4707508
7.0820862,1.2665289
7.0936961,1.364983
7.1053061,1.2979626
7.1169161,1.3016725
7.1285261,1.3576569
7.1401361,1.204178
7.151746,1.3344904
7.163356,1.0655519
7.174966,1.3602222
7.186576,1.0316777
7.1981859,1.349543
7.2097959,0.8837194
7.2214059,2.6942238
7.2330159,2.7350435
7.2446259,4.2165314
7.2562358,3.825966
7.2678458,3.8491687
7.2794558,3.695283
7.2910658,3.5334513
7.3026757,3.5652465
7.3142857,3.6265449
7.3258957,3.5144946
7.3375057,3.4404442
7.3491156,3.6764611
7.3607256,3.6097726
7.3723356,3.4753506
7.3839456,3.6989494
7.3955556,3.4565674
7.4071655,3.3670131
7.4187755,3.4564146
7.4303855,2.9960811
7.4419955,2.6407874
7.4536054,3.7574066
7.4652154,4.9368244
7.4768254,2.9217367
7.4884354,3.1829552
7.5000454,3.066704
7.5116553,2.6834266
7.5232653,2.7664199
7.5348753,2.8476467
7.5464853,2.7989267
7.5580952,2.2830666
7.5697052,2.7531926
7.5813152,2.6387012
7.5929252,2.3857398
7.6045351,2.6765179
7.6161451,2.2378545
7.6277551,2.6722035
7.6393651,2.2286326
7.6509751,2.5123401
7.662585,2.1645181
7.674195,2.3158131
7.685805,2.767952
7.697415,3.979309
7.7090249,3.7139738
7.7206349,3.9856472
7.7322449,3.5218773
7.7438549,3.507317
7.7554649,3.6964251
7.7670748,3.1924231
7.7786848,3.656278
7.7902948,3.2368849
7.8019048,3.4935654
7.8135147,3.6027092
7.8251247,3.4072488
7.8367347,3.6490762
7.8483447,3.4432806
7.8599546,3.5248662
7.8715646,3.5284737
7.8831746,3.4565823
7.8947846,3.5109272
7.9063946,2.6711708
7.9180045,3.6251684
7.9296145,3.9048369
7.9412245,2.7830901
7.9528345,3.9479398
7.9644444,3.546405
7.9760544,3.0347039
7.9876644,4.5544258
7.9992744,3.0904833
8.0108844,3.6860582
8.0224943,4.1839072
8.0341043,2.619133
8.0457143,4.0373561
8.0573243,3.5866817
8.0689342,2.4867427
8.0805442,3.5814024
8.0921542,2.4294854
8.1037642,3.003708
8.1153741,3.1957266
8.1269841,2.4780422
8.1385941,2.790668
8.1502041,2.4055331
8.1618141,2.1871081
8.173424,2.593444
8.185034,2.1144876
8.196644,2.5672516
8.208254,2.1465903
8.2198639,2.3126927
8.2314739,2.2235773
8.2430839,2.0862939
8.2546939,2.1359723
8.2663039,2.37666
8.2779138,1.873939
8.2895238,2.2815326
8.3011338,1.9245171
8.3127438,1.9804375
8.3243537,2.1349127
8.3359637,1.9528904
8.3475737,2.2593911
8.3591837,2.0688671
8.3707937,2.0974434
8.3824036,2.2290039
8.3940136,2.2010115
8.4056236,2.177256
8.4172336,2.1327811
8.4288435,2.0011168
8.4404535,2.0876069
8.4520635,2.0210181
8.4636735,1.9093945
8.4752834,1.977644
8.4868934,1.6889921
8.4985034,1.920062
8.5101134,1.6602181
8.5217234,1.8009216
8.5333333,1.4743727
8.5449433,1.6709303
8.5565533,1.3966161
8.5681633,1.6126868
8.5797732,1.3845246
8.5913832,1.5621958
8.6029932,1.3181781
8.6146032,1.4554729
8.6262132,1.3565377
8.6378231,1.3537418
8.6494331,1.4414185
8.6610431,1.3432132
8.6726531,1.4510364
8.684263,1.3821091
8.695873,1.3884859
8.707483,1.4828708
8.719093,1.5630383
8.7307029,1.4368302
8.7423129,1.505002
8.7539229,1.3634426
8.7655329,1.4508492
8.7771429,1.3814298
8.7887528,1.387309
8.8003628,1.2014511
8.8119728,1.4062809
8.8235828,1.1021611
8.8351927,1.2948484
8.8468027,1.1342507
8.8584127,1.2566204
8.8700227,1.134438
8.8816327,1.166756
8.8932426,0.98686648
8.9048526,1.0331414
8.9164626,0.96162
8.9280726,0.95965633
8.9396825,0.93989011
8.9512925,0.93082115
8.9629025,0.9073106
8.9745125,0.85135476
8.9861224,0.90992021
8.9977324,0.86315945
9.0093424,0.95673165
9.0209524,0.79890426
9.0325624,1.0291291
9.0441723,0.89298498
9.0557823,1.147945
9.0673923,1.0637301
9.0790023,1.067741
9.0906122,1.0852154
9.1022222,1.0688998
9.1138322,1.051009
9.1254422,1.105112
9.1370522,0.98838111
9.1486621,1.0240803
9.1602721,1.004893
9.1718821,0.97949555
9.1834921,0.98064526
9.195102,0.96426218
9.206712,0.88485261
9.218322,0.99866295
9.229932,0.81941947
9.241542,0.81894307
9.2531519,0.70599412
9.2647619,0.70458728
9.2763719,0.62570372
9.2879819,0.66733525
9.2995918,0.52641511
9.3112018,0.63068446
9.3228118,0.51974442
9.3344218,0.57683762
9.3460317,0.61913159
9.3576417,0.56894433
9.3692517,0.61711908
9.3808617,0.5783561
9.3924717,0.5620584
9.4040816,0.57155326
9.4156916,0.53805121
9.4273016,0.64497867
9.4389116,0.56352319
9.4505215,0.62355896
9.4621315,0.67793828
9.4737415,0.67301955
9.4853515,0.74479189
9.4969615,0.72590601
9.5085714,0.76377035
9.5201814,0.78521498
9.5317914,0.78891228
9.5434014,0.81124944
9.5550113,0.82944801
9.5666213,0.82247522
9.5782313,0.78370545
9.5898413,0.78323355
9.6014512,0.7552752
9.6130612,0.79915448
9.6246712,0.76951019
9.6362812,0.76270965
9.6478912,0.76877967
9.6595011,0.71848241
9.6711111,0.72185157
9.6827211,0.70272429
9.6943311,0.65947397
9.705941,0.62613976
9.717551,0.61989574
9.729161,0.54075247
9.740771,0.58560492
9.752381,0.55719547
9.7639909,0.61939089
9.7756009,0.52089541
9.7872109,0.55699672
9.7988209,0.54020222
9.8104308,0.56638964
9.8220408,0.54430031
9.8336508,0.49724905
9.8452608,0.54694519
9.8568707,0.5779721
9.8684807,0.49286918
9.8800907,0.5495629
9.8917007,0.52419114
9.9033107,0.54788412
9.9149206,0.59424717
9.9265306,0.59532767
9.9381406,0.61262598
9.9497506,0.67388327
9.9613605,0.64537797
9.9729705,0.68073505
9.9845805,0.6704629
9.9961905,0.64049204
10.0078,0.67203013
10.01941,0.68890729
10.03102,0.53783381
10.04263,0.64052599
10.05424,0.59676799
10.06585,0.58918883
10.07746,0.52077824
10.08907,0.5443866
10.10068,0.5616364
10.11229,0.54741357
10.1239,0.5962283
10.13551,0.53138126
10.14712,0.57790537
10.15873,0.56175945
10.17034,0.54772574
10.18195,0.54617874
10.19356,0.56633005
10.20517,0.47651077
10.21678,0.51712371
10.22839,2.4850011
10.24,5.3687456
10.25161,6.114749
10.26322,5.6316916
10.27483,5.4502907
10.28644,5.3132226
10.29805,5.525641
10.30966,5.3673492
10.32127,5.2443453
10.33288,5.1924147
10.34449,5.1046375
10.3561,5.2718373
10.36771,5.1857316
10.37932,4.9594768
10.39093,4.8255212
10.40254,4.632947
10.41415,4.6725802
10.42576,4.2285389
10.43737,4.295209
10.44898,4.0676155
10.46059,4.1999802
10.4722,4.095401
10.48381,4.0532464
10.49542,3.9369221
10.507029,3.8178558
10.518639,3.7347418
10.530249,3.5302934
10.541859,3.4452997
10.553469,3.4211487
10.565079,3.2981458
10.576689,3.4117101
10.588299,3.3357082
10.599909,3.1730551
10.611519,3.1359718
10.623129,3.0826675
10.634739,2.9989882
10.646349,2.9101601
10.657959,2.7333279
10.669569,2.7368852
10.681179,2.6139579
10.692789,2.5460433
10.704399,2.4811971
10.716009,2.4302572
10.727619,2.3007889
10.739229,2.2538954
10.750839,2.1526138
10.762449,2.1647961
10.774059,1.9584515
10.785669,1.9569522
10.797279,2.0368305
10.808889,1.8716351
10.820499,1.8719954
10.832109,1.9100651
10.843719,1.7722898
10.855329,1.8846945
10.866939,1.8093093
10.878549,1.7065843
10.890159,1.7965644
10.901769,1.6854542
10.913379,1.6086904
10.924989,1.7458306
10.936599,1.564663
10.948209,1.5705529
10.959819,1.6471753
10.971429,1.5024454
10.983039,1.5644199
10.994649,1.5559397
11.006259,1.3691619
11.017868,1.4505403
11.029478,1.4613828
11.041088,1.3671094
11.052698,1.4561691
11.064308,1.3958679
11.075918,1.4330979
11.087528,1.4464552
11.099138,1.5051534
11.110748,2.1294897
11.122358,4.6385463
11.133968,5.5259688
11.145578,5.8674407
11.157188,6.6846148
11.168798,6.0812579
11.180408,5.9659525
11.192018,5.8936873
11.203628,5.2216352
11.215238,5.5508865
11.226848,5.1030572
11.238458,4.1442685
11.250068,4.3803335
11.261678,4.3301573
11.273288,3.3946427
11.284898,4.1188096
11.296508,3.9832542
11.308118,3.6334606
11.319728,6.0818465
11.331338,9.3653414
11.342948,11.024663
11.354558,11.245599
11.366168,10.626829
11.377778,9.2858006
11.389388,8.3120372
11.400998,8.7942656
11.412608,8.904038
11.424218,7.9084819
11.435828,7.4833922
11.447438,7.6345834
11.459048,7.7227894
11.470658,7.1081403
11.482268,6.3218669
11.493878,6.4754206
11.505488,6.6799903
11.517098,6.3164379
11.528707,5.1122054
11.540317,4.8979861
11.551927,5.4638237
11.563537,5.4150456
11.575147,4.5861307
11.586757,4.6420011
11.598367,5.2994039
11.609977,4.9533485
11.621587,3.7325904
11.633197,3.9925358
11.644807,4.6154438
11.656417,4.516635
11.668027,3.7773377
11.679637,3.8012311
11.691247,3.9003224
11.702857,3.3406066
11.714467,2.7063393
11.726077,2.6284001
11.737687,3.0889537
11.749297,2.9261305
11.760907,2.258048
11.772517,2.3892766
11.784127,2.4570079
11.795737,2.3876579
11.807347,2.1803393
11.818957,2.3187974
11.830567,2.4174033
11.842177,2.2118899
11.853787,1.9975916
11.865397,1.9974209
11.877007,2.0433384
11.888617,2.0512388
11.900227,2.2629005
11.911837,2.2274306
11.923447,1.8757203
11.935057,2.0398667
11.946667,3.53992
11.958277,2.5192645
11.969887,3.2835642
11.981497,3.5891838
11.993107,3.3925507
12.004717,3.662014
12.016327,3.4524347
12.027937,3.2680937
12.039546,3.1155339
12.051156,2.8676449
12.062766,2.3739143
12.074376,2.5961565
12.085986,2.9999997
12.097596,2.5606246
12.109206,2.470482
12.120816,2.4925253
12.132426,2.4274169
12.144036,2.7099333
12.155646,2.7373844
12.167256,2.4242346
12.178866,2.6994138
12.190476,2.5747497
12.202086,2.05407
12.213696,2.2113081
12.225306,2.1440833
12.236916,1.9533021
12.248526,1.8982715
12.260136,2.1252351
12.271746,2.0677663
12.283356,1.8237109
12.294966,1.742806
12.306576,2.2020784
12.318186,2.3546269
12.329796,2.0883346
12.341406,2.1805796
12.353016,2.276081
12.364626,1.8960762
12.376236,1.7891377
12.387846,1.9045273
12.399456,1.9702269
12.411066,1.7863996
12.422676,1.8242873
12.434286,2.1784363
12.445896,2.0888744
12.457506,1.9854751
12.469116,2.1428597
12.480726,2.2545459
12.492336,2.1331799
12.503946,2.1056854
12.515556,2.1313273
12.527166,2.9185639
12.538776,3.7525324
12.550385,2.2666055
12.561995,3.1762309
12.573605,2.6901645
12.585215,2.7452713
12.596825,2.5930443
12.608435,2.7472942
12.620045,3.4688333
12.631655,6.4726677
12.643265,6.0924234
12.654875,7.082245
12.666485,6.4496005
12.678095,6.1713363
12.689705,6.2054197
12.701315,6.1958687
12.712925,5.6568843
12.724535,5.2354736
12.736145,5.3044276
12.747755,4.8170988
12.759365,4.1278325
12.770975,3.7757752
12.782585,3.6164116
12.794195,3.4752739
12.805805,3.772903
12.817415,3.6163527
12.829025,3.6172451
12.840635,3.5151364
12.852245,3.1445314
12.863855,3.2296719
12.875465,2.908893
12.887075,2.8910154
12.898685,2.8231983
12.910295,2.5962054
12.921905,2.5961089
12.933515,2.5852771
12.945125,2.5387906
12.956735,2.699328
12.968345,2.4093433
12.979955,2.4611834
12.991565,2.4668946
13.003175,2.3932608
13.014785,2.3698463
13.026395,2.1098017
13.038005,2.3186897
13.049615,2.255615
13.061224,2.4458697
13.072834,2.4370792
13.084444,2.407216
13.096054,2.3849258
13.107664,2.3114562
13.119274,2.2663923
13.130884,2.2066272
13.142494,2.164385
13.154104,2.041657
13.165714,2.0776475
13.177324,2.0967245
13.188934,2.1060772
13.200544,1.9904919
13.212154,2.0914789
13.223764,1.9999176
13.235374,2.0292874
13.246984,1.9585357
13.258594,1.9779023
13.270204,1.9270655
13.281814,1.8733324
13.293424,1.8744685
13.305034,1.8359831
13.316644,1.8029677
13.328254,1.9172224
13.339864,1.8513811
13.351474,1.8595285
13.363084,1.7808165
13.374694,1.7133785
13.386304,1.4600884
13.397914,1.8528201
13.409524,1.4501379
13.421134,1.7371209
13.432744,1.5903642
13.444354,1.7050915
13.455964,1.6512239
13.467574,1.7683565
13.479184,1.7124185
13.490794,1.767099
13.502404,1.8991265
13.514014,1.9324849
13.525624,1.9692342
13.537234,2.0661726
13.548844,2.1273552
13.560454,2.0589246
13.572063,2.2166966
13.583673,2.076274
13.595283,2.0309955
13.606893,2.0206007
13.618503,2.0468841
13.630113,1.9600552
13.641723,1.9905581
13.653333,1.7937461
13.664943,1.8519705
13.676553,1.7337461
13.688163,1.7142487
13.699773,1.4918236
13.711383,1.541233
13.722993,1.3298686
13.734603,1.5058635
13.746213,1.2884054
13.757823,1.4707718
13.769433,1.2198883
13.781043,1.4371225
13.792653,1.1484584
13.804263,1.4525189
13.815873,1.290638
13.827483,1.4212662
13.839093,1.3123349
13.850703,1.3820397
13.862313,1.4777812
13.873923,1.4247574
13.885533,1.4938411
13.897143,1.5175784
13.908753,1.5220979
13.920363,1.532546
13.931973,1.6460251
13.943583,1.594591
13.955193,1.6716475
13.966803,1.6546886
13.978413,3.2056328
13.990023,6.0394605
14.001633,7.9144488
14.013243,7.1982471
14.024853,6.8470105
14.036463,6.3885377
14.048073,7.4355584
14.059683,6.7115837
14.071293,6.602803
14.082902,6.997122
14.094512,6.0052502
14.106122,6.2456848
14.117732,6.5191236
14.129342,5.8236711
14.140952,5.7976075
14.152562,5.7037046
14.164172,5.4352769
14.175782,5.2449865
14.187392,5.1527642
14.199002,4.8962175
14.210612,5.0351583
14.222222,4.6624675
14.233832,6.2474776
14.245442,8.0514469
14.257052,4.9626508
14.268662,6.9290676
14.280272,7.9346898
14.291882,4.9492174
14.303492,6.5912533
14.315102,6.9427044
14.326712,4.2052104
14.338322,5.9916959
14.349932,5.5129625
14.361542,3.4810433
14.373152,5.0021662
14.384762,4.5386633
14.396372,2.9622886
14.407982,4.6335929
14.419592,4.1407822
14.431202,3.4321162
14.442812,4.3891189
14.454422,3.6027197
14.466032,7.5640102
14.477642,10.691469
14.489252,10.56064
14.500862,9.5190107
14.512472,8.4892555
14.524082,8.6009484
14.535692,8.4411119
14.547302,8.1145911
14.558912,7.2405016
14.570522,6.7633343
14.582132,6.9593408
14.593741,6.9412105
14.605351,6.258284
14.616961,5.7180035
14.628571,6.0644032
14.640181,5.7593315
14.651791,5.1114738
14.663401,4.7701684
14.675011,5.1772635
14.686621,5.0237871
14.698231,6.9907565
14.709841,7.5753315
14.721451,6.680177
14.733061,5.4275194
14.744671,4.1511292
14.756281,4.3570522
14.767891,4.9574592
14.779501,5.4399311
14.791111,5.0667542
14.802721,4.7801156
14.814331,3.8654225
14.825941,3.2439761
14.837551,3.908011
14.849161,4.298832
14.860771,4.278531
14.872381,3.604505
14.883991,3.3143353
14.895601,2.6959205
14.907211,2.5708621
14.918821,3.1920505
14.930431,3.2062723
14.942041,3.1923948
14.953651,3.0096672
14.965261,5.2837744
14.976871,8.1763027
14.988481,7.0646954
15.000091,7.5092554
15.011701,6.7303722
15.023311,7.1880492
15.034921,7.0627219
15.046531,5.683295
15.058141,5.426378
15.069751,5.0418196
15.081361,5.2309254
15.092971,4.8409349
15.10458,4.4801921
15.11619,3.9839925
15.1278,4.1261111
15.13941,4.0153583
15.15102,4.047008
15.16263,3.6192254
15.17424,3.8547727
15.18585,3.7377818
15.19746,3.9669437
15.20907,3.2516096
15.22068,3.7589933
15.23229,3.4219805
15.2439,3.4027273
15.25551,3.2629585
15.26712,3.5780675
15.27873,2.6939676
15.29034,3.3757641
15.30195,2.805857
15.31356,3.4649799
15.32517,2.6923302
15.33678,3.4621834
15.34839,2.8582258
15.36,2.9516842
15.37161,2.806095
15.38322,2.9650773
15.39483,2.2361109
15.40644,2.6407445
15.41805,2.417544
15.42966,2.3287456
15.44127,2.4820002
15.45288,2.5038226
15.46449,2.3031659
15.4761,2.4958146
15.48771,2.177557
15.49932,2.2341685
15.51093,2.1073343
15.52254,2.2005526
15.53415,1.825704
15.54576,1.9760816
15.55737,2.1073582
15.56898,2.1556854
15.58059,1.9827223
15.5922,2.130084
15.60381,1.8924322
15.61542,2.1308621
15.627029,1.8602149
15.638639,1.8225831
15.650249,1.5612068
15.661859,1.9206532
15.673469,1.4557873
15.685079,4.1052048
15.696689,5.9934553
15.708299,6.9699196
15.719909,7.4447813
15.731519,6.7807856
15.743129,6.0736472
15.754739,5.8525233
15.766349,5.3125396
15.777959,5.8073674
15.789569,5.3049716
15.801179,5.9490708
15.812789,5.3861122
15.824399,5.5740279
15.836009,5.1451388
15.847619,5.4809602
15.859229,5.0124165
15.870839,5.0942096
15.882449,4.7768381
15.894059,4.6659164
15.905669,4.3997999
15.917279,4.2677073
15.928889,3.9451519
15.940499,3.8874989
15.952109,3.4569801
15.963719,3.6712787
15.975329,3.3853213
15.986939,3.1771062
15.998549,3.20903
16.010159,2.9176266
16.021769,2.8017158
16.033379,2.4788579
16.044989,2.6067746
16.056599,2.3095239
16.068209,2.3429502
16.079819,2.4433862
16.091429,2.2996727
16.103039,1.90232
16.114649,2.1184322
16.126259,2.0854186
16.137868,2.0022398
16.149478,1.8269234
16.161088,1.972321
16.172698,2.132841
16.184308,2.2046888
16.195918,1.8969949
16.207528,1.9507569
16.219138,1.6202277
16.230748,1.9649892
16.242358,1.8261901
16.253968,1.9372199
16.265578,1.6323674
16.277188,1.9274941
16.288798,1.9387473
16.300408,2.1363424
16.312018,1.73813
16.323628,1.9849622
16.335238,1.5823937
16.346848,1.9298315
16.358458,1.661562
16.370068,1.8584112
16.381678,1.7686376
16.393288,1.9722782
16.404898,1.7458024
16.416508,2.0196052
16.428118,1.666851
16.439728,1.8589505
16.451338,1.5600445
16.462948,1.7288957
16.474558,1.6204644
16.486168,2.5929911
16.497778,4.8364698
16.509388,8.708558
16.520998,9.8617393
16.532608,9.3387361
16.544218,9.0365241
16.555828,8.6062645
16.567438,7.918845
16.579048,7.780712
16.590658,7.462986
16.602268,6.9642395
16.613878,6.8668972
16.625488,6.5096717
16.637098,6.2386073
16.648707,5.8716543
16.660317,5.5727971
16.671927,5.4722543
16.683537,4.9550156
16.695147,4.9506305
16.706757,5.6253756
16.718367,6.0152878
16.729977,6.4190525
16.741587,5.9028704
16.753197,5.194584
16.764807,3.8555284
16.776417,3.5330813
16.788027,4.4235131
16.799637,4.4122855
16.811247,4.5844475
16.822857,4.1651097
16.834467,3.9573104
16.846077,3.5784207
16.857687,3.53126
16.869297,3.6320792
16.880907,3.2868352
16.892517,3.0111824
16.904127,2.8100298
16.915737,2.6824126
16.927347,2.5679751
16.938957,2.6754966
16.950567,2.6265721
16.962177,2.8078196
16.973787,2.743741
16.985397,2.4730574
16.997007,2.3863333
17.008617,2.2925133
17.020227,2.5322163
17.031837,2.4940399
17.043447,2.5095618
17.055057,2.2489417
17.066667,2.0783639
17.078277,1.9779075
17.089887,1.8757366
17.101497,1.9897146
17.113107,2.0115576
17.124717,1.8178543
17.136327,1.8603841
17.147937,1.4833472
17.159546,1.3969652
17.171156,1.6219513
17.182766,1.5602682
17.194376,1.6556032
17.205986,1.6754953
17.217596,1.7311329
17.229206,1.6434511
17.240816,1.2074635
17.252426,1.5623465
17.264036,1.65058
17.275646,1.4138126
17.287256,1.5165769
17.298866,1.4912895
17.310476,1.4511322
17.322086,1.268136
17.333696,1.3330861
17.345306,1.5970989
17.356916,1.3311357
17.368526,1.2576319
17.380136,1.6589059
17.391746,1.4674742
17.403356,1.3306276
17.414966,1.3171477
17.426576,1.5796382
17.438186,2.7806455
17.449796,2.7934228
17.461406,2.0094711
17.473016,1.9864042
17.484626,2.1627729
17.496236,1.7696572
17.507846,1.8515871
17.519456,1.9520704
17.531066,1.8360081
17.542676,1.9564658
17.554286,2.0922983
17.565896,1.8817294
17.577506,1.4541928
17.589116,1.6398336
17.600726,2.1726105
17.612336,2.0113951
17.623946,1.8732256
17.635556,1.9566761
17.647166,2.0808518
17.658776,2.0336653
17.670385,1.850472
17.681995,1.7043044
17.693605,1.6762825
17.705215,1.5486376
17.716825,1.9920986
17.728435,2.0648899
17.740045,1.7565597
17.751655,1.7918161
17.763265,2.1071294
17.774875,2.131741
17.786485,1.5034479
17.798095,1.5806594
17.809705,1.9874296
17.821315,1.7768442
17.832925,1.5562326
17.844535,1.8223564
17.856145,1.8443592
17.867755,1.4867044
17.879365,1.6806361
17.890975,1.97772
17.902585,1.6135935
17.914195,1.531503
17.925805,1.7663426
17.937415,1.7991379
17.949025,1.4083869
17.960635,1.4082611
17.972245,1.5291978
17.983855,1.6677153
17.995465,1.9022805
18.007075,3.7857854
18.018685,3.1110099
18.030295,3.5606962
18.041905,3.1034633
18.053515,2.7970711
18.065125,2.7311787
18.076735,2.8062421
18.088345,3.0491844
18.099955,2.9439379
18.111565,2.7898838
18.123175,3.2418484
18.134785,3.326697
18.146395,3.3867031
18.158005,3.2421921
18.169615,3.0884022
18.181224,3.0967177
18.192834,2.9345708
18.204444,2.8949915
18.216054,2.8408506
18.227664,2.930819
18.239274,3.1123143
18.250884,3.2072728
18.262494,3.0747322
18.274104,2.8599062
18.285714,2.6945529
18.297324,2.6632508
18.308934,2.5708613
18.320544,2.3696255
18.332154,2.3077985
18.343764,2.3040557
18.355374,2.461399
18.366984,2.5571015
18.378594,2.5753812
18.390204,2.5159455
18.401814,2.4632039
18.413424,2.4759788
18.425034,2.3572312
18.436644,2.1656551
18.448254,2.1583859
18.459864,2.1836271
18.471474,2.1919107
18.483084,2.186653
18.494694,2.0223871
18.506304,2.0298569
18.517914,1.992411
18.529524,2.0403623
18.541134,1.9422238
18.552744,1.7970177
18.564354,1.7770939
18.575964,1.778288
18.587574,1.7502823
18.599184,1.7909789
18.610794,1.6555237
18.622404,1.8106723
18.634014,1.8975404
18.645624,1.810764
18.657234,1.9944052
18.668844,3.7529433
18.680454,4.201504
18.692063,4.8744488
18.703673,5.1518142
18.715283,5.1362198
18.726893,5.8458693
18.738503,5.786012
18.750113,4.6652528
18.761723,4.9122217
18.773333,4.1659998
18.784943,4.5784093
18.796553,4.3907496
18.808163,4.5442126
18.819773,3.8867508
18.831383,4.0773271
18.842993,3.616234
18.854603,3.6176903
18.866213,3.4207869
18.877823,3.3832956
18.889433,3.068975
18.901043,3.1145785
18.912653,2.9816625
18.924263,3.0122347
18.935873,2.9109302
18.947483,3.0201661
18.959093,2.7574845
18.970703,2.8903004
18.982313,2.6985646
18.993923,2.9819659
19.005533,2.8203231
19.017143,2.8633692
19.028753,2.6521056
19.040363,2.5593878
19.051973,2.4973973
19.063583,2.6100813
19.075193,2.6834401
19.086803,2.8361838
19.098413,2.6766459
19.110023,2.698559
19.121633,2.6352065
19.133243,2.7700373
19.144853,2.6990263
19.156463,2.7151608
19.168073,2.6198486
19.179683,2.5649434
19.191293,2.5079443
19.202902,2.4593085
19.214512,2.3984912
19.226122,2.2454015
19.237732,2.2356217
19.249342,2.1443574
19.260952,2.1590085
19.272562,2.0091034
19.284172,1.990507
19.295782,2.0017106
19.307392,2.0664467
19.319002,1.9697348
19.330612,2.2048834
19.342222,2.1340074
19.353832,2.1319364
19.365442,1.9531661
19.377052,1.9315411
19.388662,1.7231962
19.400272,2.6998077
19.411882,5.7670584
19.423492,7.7598011
19.435102,6.3680721
19.446712,5.523964
19.458322,6.1178854
19.469932,5.4359924
19.481542,4.4722395
19.493152,6.012894
19.504762,6.2833866
19.516372,6.2058628
19.527982,4.8880389
19.539592,4.7018534
19.551202,5.3368552
19.562812,6.0548266
19.574422,5.8454929
19.586032,4.7191111
19.597642,3.9908752
19.609252,4.8718463
19.620862,5.3641948
19.632472,5.1275292
19.644082,4.2419982
19.655692,4.122945
19.667302,3.630493
19.678912,4.1856487
19.690522,4.1098373
19.702132,3.4202894
19.713741,3.3355634
19.725351,3.6551066
19.736961,3.7252582
19.748571,3.7710332
19.760181,3.7092291
19.771791,3.2837768
19.783401,3.2060027
19.795011,3.4989474
19.806621,3.3356159
19.818231,2.7938364
19.829841,2.5312668
19.841451,2.4294727
19.853061,2.5093955
19.864671,2.723701
19.876281,2.7040444
19.887891,2.3301568
19.899501,2.110368
19.911111,2.1680895
19.922721,2.3110963
19.934331,2.3302986
19.945941,2.2410439
19.957551,2.1604774
19.969161,2.1219839
19.980771,2.0668177
19.992381,1.992853
20.003991,2.0772593
20.015601,2.169221
20.027211,2.1797801
20.038821,2.1464404
20.050431,1.9327879
20.062041,2.0967863
20.073651,2.1389085
20.085261,2.0860219
20.096871,1.9910904
20.108481,1.6569996
20.120091,1.7463703
20.131701,1.7967779
20.143311,1.7358671
20.154921,1.6334195
20.166531,2.8990441
20.178141,3.927275
20.189751,5.2221633
20.201361,6.1042743
20.212971,5.310358
20.22458,5.3408579
20.23619,5.3639298
20.2478,4.757012
20.25941,4.5386574
20.27102,4.8725688
20.28263,4.2025391
20.29424,3.9349885
20.30585,4.6761347
20.31746,4.7106226
20.32907,4.319356
20.34068,4.8112018
20.35229,4.4502817
20.3639,3.8402852
20.37551,4.4232796
20.38712,4.3144267
20.39873,3.4424142
20.41034,3.5573734
20.42195,3.8790398
20.43356,3.4469502
20.44517,3.6869189
20.45678,4.1885523
20.46839,3.7809944
20.48,3.4236388
20.49161,3.9244702
20.50322,3.5229168
20.51483,2.9794799
20.52644,3.2715994
20.53805,2.8634033
20.54966,2.4057871
20.56127,2.7416045
20.57288,3.0337001
20.58449,2.7716709
20.5961,2.7657037
20.60771,3.2720009
20.61932,2.622097
20.63093,2.5053978
20.64254,2.9470441
20.65415,2.2812221
20.66576,1.6740296
20.67737,2.1138405
20.68898,2.2419383
20.70059,1.9233679
20.7122,2.41732
20.72381,2.9632754
20.73542,2.3031975
20.747029,2.5722328
20.758639,2.7807734
20.770249,6.4752062
20.781859,9.635681
20.793469,8.5237341
20.805079,8.1104271
20.816689,8.5405571
20.828299,8.4738232
20.839909,8.1277193
20.851519,7.8832981
20.863129,6.5483058
20.874739,6.8212376
20.886349,5.6998341
20.897959,5.9295715
20.909569,4.4402938
20.921179,4.9917298
20.932789,4.5401832
20.944399,4.4688248
20.956009,4.6959884
20.967619,4.204816
20.979229,4.5288104
20.990839,4.0086817
21.002449,4.5691376
21.014059,4.1433066
21.025669,4.1784868
21.037279,4.300729
21.048889,3.8213418
21.060499,4.2242064
21.072109,3.7849792
21.083719,4.169034
21.095329,3.5150515
21.106939,4.0312073
21.118549,3.7448528
21.130159,3.8755824
21.141769,3.9470583
21.153379,3.7398813
21.164989,3.7349519
21.176599,3.5826738
21.188209,3.5525437
21.199819,3.3630362
21.211429,3.2041683
21.223039,3.1462144
21.234649,3.0886445
21.246259,2.9877497
21.257868,2.9928717
21.269478,2.7894651
21.281088,2.8702968
21.292698,2.6334528
21.304308,2.5601855
21.315918,2.5283615
21.327528,2.6071234
21.339138,2.3052158
21.350748,2.4992136
21.362358,3.1522702
21.373968,5.6024951
21.385578,10.464999
21.397188,12.111843
21.408798,11.435606
21.420408,11.246641
21.432018,10.795789
21.443628,9.9359748
21.455238,9.3857772
21.466848,9.3274987
21.478458,8.572055
21.490068,8.3568657
21.501678,7.8451801
21.513288,7.4371051
21.524898,7.4228979
21.536508,7.395379
21.548118,6.8344756
21.559728,6.1448733
21.571338,6.1020539
21.582948,6.1522442
21.594558,6.2382655
21.606168,5.6898269
21.617778,5.8341052
21.629388,5.8169332
21.640998,5.2151668
21.652608,4.8630118
21.664218,4.9666736
21.675828,5.1535248
21.687438,5.288492
21.699048,4.9189495
21.710658,4.6584307
21.722268,4.6607041
21.733878,4.3145829
21.745488,4.1591549
21.757098,4.0226045
21.768707,3.7857643
21.780317,3.4220905
21.791927,3.3488722
21.803537,3.2772248
21.815147,3.1253043
21.826757,3.0547235
21.838367,3.0888698
21.849977,2.9350881
21.861587,2.7816268
21.873197,2.7398895
21.884807,2.5501022
21.896417,2.4109551
21.908027,2.4218064
21.919637,2.5352522
21.931247,2.3020341
21.942857,2.1282116
21.954467,2.0635653
21.966077,1.9784231
21.977687,1.9153621
21.989297,1.971355
22.000907,2.0663014
22.012517,2.0271975
22.024127,2.119082
22.035737,1.8473585
22.047347,2.4164696
22.058957,2.9498197
22.070567,3.1073778
22.082177,3.1327156
22.093787,3.7878546
22.105397,2.7259613
22.117007,3.0909255
22.128617,3.6677683
22.140227,2.8784282
22.151837,3.197539
22.163447,3.6178604
22.175057,1.7347635
22.186667,3.2229664
22.198277,3.0075614
22.209887,2.8156668
22.221497,3.3687716
22.233107,2.6868438
22.244717,2.9230263
22.256327,3.4089885
22.267937,2.6118312
22.279546,2.6992059
22.291156,3.2193022
22.302766,2.5563548
22.314376,2.5945494
22.325986,2.8958244
22.337596,2.320704
22.349206,2.6182694
22.360816,2.6893196
22.372426,1.9813718
22.384036,3.0394893
22.395646,2.3753974
22.407256,2.243523
22.418866,3.0131338
22.430476,2.0744043
22.442086,2.321448
22.453696,2.8467911
22.465306,1.6707953
22.476916,2.4873941
22.488526,2.2598516
22.500136,1.7885227
22.511746,2.3864156
22.523356,1.9495622
22.534966,2.3040501
22.546576,2.3509994
22.558186,2.2758104
22.569796,1.7898589
22.581406,2.2344288
22.593016,1.9857464
22.604626,1.4395825
22.616236,2.142801
22.627846,1.9694886
22.639456,1.9418332
22.651066,1.9279463
22.662676,1.373531
22.674286,1.7809975
22.685896,1.8199468
22.697506,1.7982054
22.709116,2.0023218
22.720726,1.6907575
22.732336,1.8253254
22.743946,1.6570379
22.755556,1.3967725
22.767166,1.5402379
22.778776,1.8104432
22.790385,1.8203655
22.801995,2.432162
22.813605,3.106271
22.825215,3.1822635
22.836825,3.8238909
22.848435,3.5143522
22.860045,2.9357269
22.871655,3.9521795
22.883265,2.6597674
22.894875,3.4472292
22.906485,3.0984247
22.918095,3.2179575
22.929705,3.3589573
22.941315,2.9015345
22.952925,3.419495
22.964535,2.5943305
22.976145,3.327992
22.987755,2.822955
22.999365,3.1521065
23.010975,5.9092513
23.022585,6.6265816
23.034195,5.484394
23.045805,5.3910903
23.057415,5.2212029
23.069025,4.8915725
23.080635,4.5203038
23.092245,4.5867094
23.103855,4.5212299
23.115465,4.5357332
23.127075,4.2101398
23.138685,4.1621096
23.150295,3.9369917
23.161905,3.7787089
23.173515,3.7511576
23.185125,5.7010305
23.196735,9.020936
23.208345,9.1680209
23.219955,8.7300346
23.231565,8.3948883
23.243175,8.514588
23.254785,8.4306754
23.266395,8.2016477
23.278005,8.1309427
23.289615,7.7787082
23.301224,7.5756435
23.312834,7.8769163
23.324444,7.5804597
23.336054,7.1899524
23.347664,6.918888
23.359274,6.8851932
23.370884,6.6273952
23.382494,6.4926711
23.394104,6.3378036
23.405714,5.9504304
23.417324,6.008593
23.428934,5.829961
23.440544,5.5959591
23.452154,5.4445083
23.463764,5.3323531
23.475374,5.0869574
23.486984,4.8566006
23.498594,4.6856032
23.510204,4.5017961
23.521814,4.5371039
23.533424,4.7654855
23.545034,4.8502142
23.556644,3.9545234
23.568254,3.9871842
23.579864,4.1512139
23.591474,4.1390594
23.603084,4.2221445
23.614694,3.9813539
23.626304,3.7643986
23.637914,3.7287842
23.649524,3.2083483
23.661134,3.576019
23.672744,3.0034159
23.684354,3.2575895
23.695964,2.4003974
23.707574,2.7814761
23.719184,2.3658458
23.730794,2.5212117
23.742404,2.7652316
23.754014,2.355492
23.765624,2.7955588
23.777234,2.0672137
23.788844,2.6619593
23.800454,2.4163588
23.812063,2.3365371
23.823673,2.4488926
23.835283,2.0532328
23.846893,2.6023815
23.858503,2.0482126
23.870113,2.3864385
23.881723,2.313417
23.893333,2.0480513
23.904943,2.6081377
23.916553,1.9936454
23.928163,2.4390939
23.939773,2.0109048
23.951383,2.3664011
23.962993,2.3159324
23.974603,2.1837182
23.986213,2.3420883
23.997823,2.2522556
24.009433,2.2915239
24.021043,2.3361358
24.032653,3.3201072
24.044263,3.8215311
24.055873,3.5650183
24.067483,4.5986125
24.079093,3.4022792
24.090703,4.582156
24.102313,3.7385909
24.113923,3.4224165
24.125533,3.9014404
24.137143,2.9508281
24.148753,4.1056026
24.160363,2.7504982
24.171973,4.1078145
24.183583,3.155574
24.195193,3.5856109
24.206803,4.0129238
24.218413,2.842311
24.230023,4.016341
24.241633,2.9070092
24.253243,3.8653307
24.264853,3.5206824
24.276463,3.0050131
24.288073,3.8031228
24.299683,2.5431168
24.311293,3.6965055
24.322902,2.8681779
24.334512,3.415833
24.346122,3.2872202
24.357732,3.0664242
24.369342,3.3744592
24.380952,2.8594756
24.392562,3.2207616
24.404172,2.6345792
24.415782,2.7523253
24.427392,2.9047349
24.439002,2.1569997
24.450612,2.8509684
24.462222,2.3122643
24.473832,2.722866
24.485442,2.4815498
24.497052,2.5174832
24.508662,2.4698958
24.520272,2.4597954
24.531882,2.5938079
24.543492,2.6131052
24.555102,2.8317056
24.566712,2.6922699
24.578322,2.7351093
24.589932,2.6774659
24.601542,2.4957429
24.613152,2.5765088
24.624762,2.0953859
24.636372,2.2294217
24.647982,1.9631876
24.659592,2.076625
24.671202,2.2890251
24.682812,2.6354719
24.694422,3.2859225
24.706032,3.1562521
24.717642,3.7129374
24.729252,3.3984102
24.740862,3.1550713
24.752472,3.0412594
24.764082,3.0757904
24.775692,3.2713002
24.787302,2.5826282
24.798912,3.1255441
24.810522,2.4442634
24.822132,2.9584206
24.833741,3.5681394
24.845351,5.3328642
24.856961,3.3600928
24.868571,5.3215957
24.880181,5.8066142
24.891791,4.4791553
24.903401,4.7742119
24.915011,5.0196833
24.926621,3.9884115
24.938231,4.4927588
24.949841,4.3638579
24.961451,3.0395812
24.973061,3.8542726
24.984671,3.6669042
24.996281,2.7939559
25.007891,3.5150637
25.019501,3.5268673
25.031111,2.558544
25.042721,3.7763299
25.054331,4.0430829
25.065941,2.3920038
25.077551,2.9861192
25.089161,2.4999456
25.100771,2.7293265
25.112381,3.1117487
25.123991,2.5527893
25.135601,3.0051122
25.147211,3.49806
25.158821,3.0485514
25.170431,2.4422592
25.182041,3.3829004
25.193651,2.3540848
25.205261,2.2917691
25.216871,2.5872796
25.228481,1.8937967
25.240091,2.6211362
25.251701,2.2704377
25.263311,2.2449671
25.274921,2.9321871
25.286531,2.6180232
25.298141,2.1192412
25.309751,2.7560231
25.321361,2.6066497
25.332971,1.7755084
25.34458,2.6519412
25.35619,1.9372217
25.3678,2.0987779
25.37941,2.575225
25.39102,1.4639445
25.40263,2.4503589
25.41424,2.5347081
25.42585,1.9289565
25.43746,2.4664053
25.44907,2.2183257
25.46068,1.6350178
25.47229,2.5492768
25.4839,2.0032295
25.49551,1.7175098
25.50712,2.5670367
25.51873,1.8746432
25.53034,1.3408409
25.54195,2.2691814
25.55356,2.5844481
25.56517,2.2050535
25.57678,2.1908202
25.58839,3.2995175
25.6,2.1871736
25.61161,2.6940486
25.62322,2.5594572
25.63483,2.2375683
25.64644,2.6949268
25.65805,2.182085
25.66966,2.6254858
25.68127,2.2032157
25.69288,2.6760692
25.70449,2.3701227
25.7161,2.2870525
25.72771,2.6899453
25.73932,1.8768089
25.75093,2.7082537
25.76254,2.0404628
25.77415,2.3992296
25.78576,2.3891903
25.79737,2.1619832
25.80898,2.4265627
25.82059,1.9925866
25.8322,2.3454371
25.84381,2.1385529
25.85542,1.8638424
25.867029,2.2848103
25.878639,1.5323478
25.890249,2.29115
25.901859,1.6150309
25.913469,2.0289377
25.925079,1.9710509
25.936689,1.6855991
25.948299,2.1200356
25.959909,1.4987976
25.971519,1.9672544
25.983129,1.6490759
25.994739,1.8481022
26.006349,1.8665998
26.017959,1.3541802
26.029569,1.9000682
26.041179,1.1651513
26.052789,1.8060713
26.064399,1.2668275
26.076009,1.7473639
26.087619,1.4847655
26.099229,1.4970731
26.110839,1.5542271
26.122449,1.2582464
26.134059,1.6775219
26.145669,1.0402324
26.157279,1.5292634
26.168889,1.1015248
26.180499,1.4090337
26.192109,1.1977683
26.203719,1.3180443
26.215329,1.2649464
26.226939,1.1975652
26.238549,1.2243194
26.250159,1.0912399
26.261769,1.0972756
26.273379,1.1814338
26.284989,1.0123427
26.296599,0.95194874
26.308209,1.213441
26.319819,1.6495293
26.331429,1.8764859
26.343039,1.2644751
26.354649,2.0982664
26.366259,1.7016074
26.377868,1.575094
26.389478,1.5044713
26.401088,1.4121377
26.412698,1.4372357
26.424308,1.3607244
26.435918,1.4844958
26.447528,1.3065179
26.459138,1.5526283
26.470748,1.2730596
26.482358,1.4967171
26.493968,1.2693157
26.505578,1.3985159
26.517188,1.3382444
26.528798,1.3650817
26.540408,1.3614477
26.552018,1.2185514
26.563628,1.297769
26.575238,1.2249974
26.586848,1.3582091
26.598458,1.1407029
26.610068,1.2430866
26.621678,1.1843662
26.633288,1.1371863
26.644898,1.2364125
26.656508,1.1132788
26.668118,1.1916774
26.679728,1.1581021
26.691338,1.1799999
26.702948,1.2289279
26.714558,1.221759
26.726168,1.0210965
26.737778,1.2544254
26.749388,0.86633803
26.760998,1.2270704
26.772608,0.8379748
26.784218,1.2016843
26.795828,0.89361538
26.807438,1.0853477
26.819048,1.0915051
26.830658,0.91085314
26.842268,1.0724947
26.853878,0.97351763
26.865488,1.082237
26.877098,0.93126692
26.888707,1.0433239
26.900317,0.86834306
26.911927,0.87948075
26.923537,0.86078557
26.935147,0.76749817
26.946757,0.96564085
26.958367,0.63934283
26.969977,0.92295814
26.981587,0.72254904
26.993197,3.2519885
27.004807,6.0462766
27.016417,6.5765651
27.028027,6.1699637
27.039637,5.9247558
27.051247,5.8551863
27.062857,5.9170675
27.074467,5.7303921
27.086077,5.6505949
27.097687,5.3314915
27.109297,5.4425684
27.120907,5.6970956
27.132517,5.1769123
27.144127,5.3671391
27.155737,5.0015721
27.167347,4.7212951
27.178957,4.9957421
27.190567,4.6753919
27.202177,4.4717265
27.213787,4.5741085
27.225397,4.3888709
27.237007,4.2582082
27.248617,4.2769284
27.260227,4.0742624
27.271837,3.9530634
27.283447,4.0470719
27.295057,3.781939
27.306667,3.623841
27.318277,3.7283586
27.329887,3.5474712
27.341497,3.4221108
27.353107,3.4646937
27.364717,3.2382221
27.376327,3.0855961
27.387937,3.2034188
27.399546,3.0259103
27.411156,2.8919212
27.422766,2.9736233
27.434376,2.8240281
27.445986,2.6221289
27.457596,2.7885973
27.469206,2.5209822
27.480816,2.3908397
27.492426,2.5874501
27.504036,2.2544084
27.515646,2.0961458
27.527256,2.2496615
27.538866,1.8791697
27.550476,1.7897271
27.562086,1.902176
27.573696,1.5632086
27.585306,1.5730655
27.596916,1.5833922
27.608526,1.2551426
27.620136,1.3729256
27.631746,2.2332107
27.643356,4.9923821
27.654966,4.3753523
27.666576,5.8171792
27.678186,5.7801444
27.689796,5.5794265
27.701406,5.3811807
27.713016,5.3316612
27.724626,4.8185547
27.736236,4.673053
27.747846,4.5604632
27.759456,3.8497674
27.771066,3.7064394
27.782676,3.82524
27.794286,3.2467555
27.805896,3.43918
27.817506,3.6740654
27.829116,3.1301153
27.840726,3.3837377
27.852336,3.5557408
27.863946,3.4669381
27.875556,6.3233398
27.887166,11.008453
27.898776,10.157512
27.910385,9.7274518
27.921995,10.069945
27.933605,9.287837
27.945215,9.151245
27.956825,9.6452814
27.968435,8.8348736
27.980045,8.6037859
27.991655,8.9027075
28.003265,8.2324703
28.014875,8.4507073
28.026485,8.405403
28.038095,7.167647
28.049705,7.5587802
28.061315,8.5391158
28.072925,7.4828374
28.084535,8.101654
28.096145,6.5518909
28.107755,6.6271989
28.119365,7.2511519
28.130975,6.3428398
28.142585,6.1336692
28.154195,6.2966178
28.165805,5.7747058
28.177415,5.2880675
28.189025,5.4305634
28.200635,5.5372645
28.212245,4.9808329
28.223855,5.2073097
28.235465,4.6940478
28.247075,6.5445506
28.258685,9.4903841
28.270295,9.5120691
28.281905,9.0684513
28.293515,8.744736
28.305125,8.2699591
28.316735,8.2886925
28.328345,8.2491884
28.339955,7.6515815
28.351565,7.417722
28.363175,7.6487119
28.374785,6.8614659
28.386395,6.9732499
28.398005,6.9439687
28.409615,7.7038832
28.421224,10.303454
28.432834,6.5505493
28.444444,8.2621441
28.456054,10.181741
28.467664,6.4721249
28.479274,7.9928083
28.490884,8.971391
28.502494,5.8111906
28.514104,7.3173761
28.525714,7.2203134
28.537324,4.7796731
28.548934,6.4636417
28.560544,5.8429373
28.572154,4.5342292
28.583764,6.1814727
28.595374,5.5320943
28.606984,5.156929
28.618594,5.5300566
28.630204,4.8591143
28.641814,5.6613638
28.653424,6.0876477
28.665034,5.9060056
28.676644,5.7053249
28.688254,4.9005766
28.699864,4.9563467
28.711474,4.8834252
28.723084,4.5291722
28.734694,4.7137318
28.746304,4.2658549
28.757914,4.3873546
28.769524,4.0553673
28.781134,4.1018616
28.792744,4.3311323
28.804354,3.6485562
28.815964,3.6883539
28.827574,3.5951147
28.839184,3.2478508
28.850794,3.5411922
28.862404,3.0270865
28.874014,3.2718114
28.885624,2.8154613
28.897234,2.735151
28.908844,3.1093344
28.920454,2.5671098
28.932063,2.7077743
28.943673,2.8963778
28.955283,2.5121356
28.966893,2.5341058
28.978503,2.3657849
28.990113,2.3143111
29.001723,2.2911437
29.013333,2.1121996
29.024943,2.6915357
29.036553,4.1847401
29.048163,8.7914126
29.059773,10.95234
29.071383,10.22503
29.082993,9.5159276
29.094603,9.2322711
29.106213,8.7618418
29.117823,8.6496754
29.129433,8.3000937
29.141043,7.5684205
29.152653,7.4130221
29.164263,7.0308435
29.175873,7.2285875
29.187483,6.0774115
29.199093,6.3631155
29.210703,7.395681
29.222313,6.3692077
29.233923,5.5146909
29.245533,5.674574
29.257143,5.813083
29.268753,5.4472018
29.280363,5.1060549
29.291973,5.2536999
29.303583,5.1302492
29.315193,4.6951659
29.326803,4.5143112
29.338413,5.0737429
29.350023,4.1291677
29.361633,4.0718411
29.373243,5.521331
29.384853,3.9625962
29.396463,4.9953811
29.408073,5.0780134
29.419683,5.7585779
29.431293,7.2137488
29.442902,7.0236491
29.454512,6.6378924
29.466122,6.1222908
29.477732,6.5471279
29.489342,6.1908309
29.500952,5.9885075
29.512562,5.7220225
29.524172,5.3390056
29.535782,5.0967985
29.547392,4.5946245
29.559002,4.3225911
29.570612,4.2830035
29.582222,4.3765963
29.593832,4.30467
29.605442,3.8104937
29.617052,3.5587155
29.628662,3.5618257
29.640272,3.2854642
29.651882,3.0237509
29.663492,2.8842809
29.675102,3.1519153
29.686712,2.8988321
29.698322,2.2790892
29.709932,2.7046055
29.721542,2.7478578
29.733152,2.5792094
29.744762,2.462892
29.756372,2.6465595
29.767982,2.9663979
29.779592,2.6443051
29.791202,2.5160884
29.802812,2.6722123
29.814422,2.5870239
29.826032,2.8209059
29.837642,2.6246369
29.849252,2.7118226
29.860862,2.9595037
29.872472,2.6363261
29.884082,2.4349359
29.895692,2.488512
29.907302,2.5489506
29.918912,2.5526029
29.930522,2.2301957
29.942132,2.0954913
29.953741,2.4014024
29.965351,2.3700832
29.976961,2.2710284
29.988571,2.2556924
30.000181,2.3648959
30.011791,2.3659805
30.023401,2.1906827
30.035011,2.4291722
30.046621,2.47946
30.058231,2.5404147
30.069841,2.6394531
30.081451,2.5887744
30.093061,2.7166922
30.104671,2.6065537
30.116281,2.4785212
30.127891,2.3408411
30.139501,2.3328956
30.151111,2.4906569
30.162721,2.2537877
30.174331,2.4034022
30.185941,2.3152246
30.197551,2.0132062
30.209161,2.2835012
30.220771,2.0007187
30.232381,2.0025978
30.243991,1.9570746
30.255601,1.7808594
30.267211,2.0180535
30.278821,2.1131089
30.290431,2.0983628
30.302041,2.140119
30.313651,2.1048597
30.325261,1.9413664
30.336871,2.0638834
30.348481,1.7230669
30.360091,1.9967418
30.371701,1.6977694
30.383311,1.889865
30.394921,1.9627496
30.406531,1.7761914
30.418141,2.0587921
30.429751,1.9220723
30.441361,1.9443142
30.452971,2.0112288
30.46458,1.8064236
30.47619,2.0296712
30.4878,2.0069057
30.49941,1.8464881
30.51102,1.9379255
30.52263,1.9069864
30.53424,1.9240678
30.54585,1.9316463
30.55746,1.9002266
30.56907,1.9512688
30.58068,1.9970439
30.59229,2.0657777
30.6039,2.0018133
30.61551,1.9478927
30.62712,1.7231917
30.63873,1.6651282
30.65034,1.9987477
30.66195,1.8130485
30.67356,1.9137812
30.68517,1.9846081
30.69678,1.8922247
30.70839,2.7318072
30.72,6.797918
30.73161,8.0218784
30.74322,6.9877581
30.75483,6.9480496
30.76644,6.9575432
30.77805,6.642158
30.78966,6.687154
30.80127,6.829134
30.81288,6.1422756
30.82449,6.1575701
30.8361,6.5904974
30.84771,5.6824882
30.85932,6.1044091
30.87093,6.0465991
30.88254,5.0789079
30.89415,5.6855663
30.90576,5.4686184
30.91737,4.5673418
30.92898,6.8330568
30.94059,7.6816735
30.9522,3.6664293
30.96381,8.0072663
30.97542,7.5953926
30.987029,4.5856845
30.998639,7.358576
31.010249,6.5024471
31.021859,4.7476541
31.033469,6.5557139
31.045079,4.9463632
31.056689,4.1058346
31.068299,5.6203691
31.079909,3.7121684
31.091519,3.9204487
31.103129,5.1645404
31.114739,3.4514732
31.126349,3.9174433
31.137959,4.7015921
31.149569,2.9152724
31.161179,3.6508181
31.172789,3.7514758
31.184399,3.3455055
31.196009,3.5703409
31.207619,3.1051525
31.219229,3.4764722
31.230839,3.3469452
31.242449,2.7718626
31.254059,4.5705799
31.265669,6.2532429
31.277279,7.2426472
31.288889,7.5284094
31.300499,7.2602948
31.312109,6.2891067
31.323719,5.9865401
31.335329,6.2216673
31.346939,5.9486793
31.358549,4.8748
31.370159,4.8390768
31.381769,5.7929437
31.393379,5.5501283
31.404989,5.3871904
31.416599,5.2225081
31.428209,4.7155024
31.439819,3.583031
31.451429,2.9307825
31.463039,3.8899445
31.474649,4.3910543
31.486259,6.1509632
31.497868,8.8917634
31.509478,8.4641076
31.521088,7.9836262
31.532698,7.6189842
31.544308,6.9846454
31.555918,6.5556203
31.567528,5.8413491
31.579138,5.8444198
31.590748,5.8070919
31.602358,6.008511
31.613968,3.9037257
31.625578,7.5814394
31.637188,5.7910912
31.648798,6.5123177
31.660408,5.7271798
31.672018,4.4130537
31.683628,5.7552371
31.695238,3.7829058
31.706848,4.6643521
31.718458,8.1506225
31.730068,8.9399485
31.741678,7.6936235
31.753288,7.8677954
31.764898,7.0003875
31.776508,6.6613657
31.788118,4.3949834
31.799728,9.7990573
31.811338,8.9020728
31.822948,5.9906517
31.834558,7.6707467
31.846168,7.2762716
31.857778,6.2428027
31.869388,6.4209542
31.880998,6.5416016
31.892608,4.5896674
31.904218,3.7391546
31.915828,5.6702667
31.927438,4.126429
31.939048,5.7457052
31.950658,3.8659632
31.962268,4.5131854
31.973878,3.9839287
31.985488,3.5220517
31.997098,2.3137417
32.008707,4.4052094
32.020317,5.8711664
32.031927,5.1603927
32.043537,5.8133745
32.055147,4.3999242
32.066757,5.0361007
32.078367,3.894858
32.089977,4.8735488
32.101587,3.5850334
32.113197,3.8807896
32.124807,3.9262749
32.136417,4.3499365
32.148027,5.000281
32.159637,4.758756
32.171247,5.0738834
32.182857,3.4420872
32.194467,5.8797115
32.206077,4.76086
32.217687,5.9622304
32.229297,4.6769254
32.240907,4.5833063
32.252517,4.2251538
32.264127,4.0965431
32.275737,3.9342145
32.287347,4.1097414
32.298957,4.057459
32.310567,4.0828816
32.322177,3.125682
32.333787,3.4549949
32.345397,3.1662933
32.357007,2.5071239
32.368617,2.9723502
32.380227,2.2773107
32.391837,2.8050136
32.403447,6.5544381
32.415057,5.8595197
32.426667,4.152042
32.438277,4.8408163
32.449887,4.4082477
32.461497,4.0464249
32.473107,3.936163
32.484717,3.5970046
32.496327,3.5615965
32.507937,3.496525
32.519546,3.3182866
32.531156,1.8455067
32.542766,4.85616
32.554376,6.0018465
32.565986,5.2726405
32.577596,5.5938055
32.589206,5.476771
32.600816,4.9500872
32.612426,4.4040768
32.624036,4.2007712
32.635646,3.9359745
32.647256,3.8811141
32.658866,4.3973205
32.670476,4.7095109
32.682086,5.3747842
32.693696,5.3072134
32.705306,4.8925776
32.716916,4.1610682
32.728526,3.5613101
32.740136,4.2765468
32.751746,4.1723431
32.763356,5.223829
32.774966,6.7297653
32.786576,6.4612851
32.798186,6.5368137
32.809796,6.4030752
32.821406,6.2711228
32.833016,5.7605255
32.844626,5.0538853
32.856236,4.5264122
32.867846,4.1622669
32.879456,3.344935
32.891066,2.832652
32.902676,3.5141796
32.914286,5.1489139
32.925896,3.1909989
32.937506,4.1449376
32.949116,3.0910658
32.960726,3.5574998
32.972336,3.6777925
32.983946,3.0897557
32.995556,3.7679875
33.007166,3.5077897
33.018776,3.1566692
33.030385,3.7463471
33.041995,2.7818333
33.053605,3.8978826
33.065215,2.6986888
33.076825,3.4958666
33.088435,2.7178446
33.100045,2.9311735
33.111655,2.7371647
33.123265,2.4117374
33.134875,2.8081405
33.146485,2.072726
33.158095,2.8157861
33.169705,1.8030807
33.181315,2.5949184
33.192925,1.9589485
33.204535,2.5731846
33.216145,2.0972949
33.227755,2.4124635
33.239365,1.9384281
33.250975,2.4632243
33.262585,1.4918982
33.274195,2.4267866
33.285805,1.5424799
33.297415,2.183469
33.309025,1.6369733
33.320635,2.0745682
33.332245,1.5659305
33.343855,1.7013823
33.355465,1.3697117
33.367075,1.3854056
33.378685,1.3333062
33.390295,1.3490011
33.401905,1.234583
33.413515,1.1532328
33.425125,0.97811036
33.436735,1.0727784
33.448345,0.88552886
33.459955,1.1318383
33.471565,1.1481662
33.483175,0.82128499
33.494785,1.1684254
33.506395,1.0143543
33.518005,2.3179993
33.529615,2.6819015
33.541224,2.0413273
33.552834,1.5980733
33.564444,2.2594469
33.576054,1.9197421
33.587664,2.0491076
33.599274,2.0174977
33.610884,1.6453713
33.622494,1.681728
33.634104,1.7040203
33.645714,1.6272062
33.657324,1.6929755
33.668934,1.7072416
33.680544,1.4823405
33.692154,1.5669583
33.703764,1.6836195
33.715374,1.5432295
33.726984,1.5478405
33.738594,1.6149998
33.750204,1.6704754
33.761814,1.5301966
33.773424,1.4725976
33.785034,1.5291691
33.796644,1.5821938
33.808254,1.4857767
33.819864,1.3800308
33.831474,1.3753982
33.843084,1.389472
33.854694,1.3434729
33.866304,1.4181756
33.877914,1.3646483
33.889524,1.308826
33.901134,1.333316
33.912744,1.4737803
33.924354,1.3074248
33.935964,1.3390159
33.947574,1.4440982
33.959184,1.4619374
33.970794,1.3421154
33.982404,1.3539705
33.994014,1.5167718
34.005624,1.526769
34.017234,1.3880085
34.028844,1.4757718
34.040454,1.4940701
34.052063,1.3828312
34.063673,1.9396784
34.075283,2.599144
34.086893,2.1159261
34.098503,1.9191548
34.110113,1.943758
34.121723,1.9697856
34.133333,2.0231697
34.144943,1.9665102
34.156553,2.0477985
34.168163,1.848055
34.179773,1.7506503
34.191383,1.9039485
34.202993,1.8819106
34.214603,1.7322038
34.226213,1.6757559
34.237823,1.9021904
34.249433,1.8918014
34.261043,1.7014006
34.272653,1.7369268
34.284263,1.8701164
34.295873,1.9382768
34.307483,1.9222874
34.319093,1.8328152
34.330703,1.7355265
34.342313,1.6619013
34.353923,1.6896878
34.365533,1.8199719
34.377143,1.6201033
34.388753,1.55834
34.400363,1.7146464
34.411973,1.7559069
34.423583,1.4821665
34.435193,1.3298763
34.446803,1.5055919
34.458413,1.4691157
34.470023,1.3719459
34.481633,1.3222072
34.493243,1.3427407
34.504853,1.2493699
34.516463,1.3885022
34.528073,1.4818932
34.539683,1.4756844
34.551293,1.3379883
34.562902,1.4240672
34.574512,1.5034871
34.586122,1.3450171
34.597732,1.166404
34.609342,1.294193
34.620952,1.3605922
34.632562,1.3020869
34.644172,1.2307996
34.655782,1.3442651
34.667392,1.3175447
34.679002,1.1512894
34.690612,1.3653845
34.702222,1.4271821
34.713832,1.236022
34.725442,1.9384886
34.737052,1.9842573
34.748662,2.0870718
34.760272,2.6865707
34.771882,1.8426833
34.783492,1.9513891
34.795102,1.9316192
34.806712,1.7063873
34.818322,2.1036954
34.829932,2.012869
34.841542,1.9302868
34.853152,1.9915318
34.864762,2.3378562
34.876372,2.1278439
34.887982,1.9372431
34.899592,2.0441284
34.911202,2.3905667
34.922812,2.1580032
34.934422,2.0130128
34.946032,1.8227589
34.957642,1.9700177
34.969252,1.9231616
34.980862,1.5545699
34.992472,1.8286256
35.004082,1.6081524
35.015692,1.8878094
35.027302,1.4042219
35.038912,1.7857989
35.050522,1.3658292
35.062132,1.4475767
35.073741,1.3687296
35.085351,1.5400907
35.096961,1.3419693
35.108571,1.6304976
35.120181,1.4215089
35.131791,1.4881851
35.143401,1.3784431
35.155011,1.370442
35.166621,1.5645588
35.178231,1.3372464
35.189841,1.5588697
35.201451,1.2563168
35.213061,1.5661425
35.224671,1.1672835
35.236281,1.3026006
35.247891,1.1055538
35.259501,1.3661457
35.271111,1.2454812
35.282721,3.1264922
35.294331,3.4953752
35.305941,2.7283307
35.317551,3.4308221
35.329161,3.7383144
35.340771,3.6767625
35.352381,4.090695
35.363991,3.7580511
35.375601,4.2673375
35.387211,6.1191626
35.398821,7.3778572
35.410431,6.476937
35.422041,5.3445825
35.433651,6.4542943
35.445261,5.3745319
35.456871,5.3968883
35.468481,5.7215574
35.480091,5.1052603
35.491701,4.9878326
35.503311,4.7076192
35.514921,5.3678303
35.526531,5.4993502
35.538141,5.0907143
35.549751,4.6029763
35.561361,4.1460996
35.572971,4.6248204
35.58458,4.5953515
35.59619,4.0606502
35.6078,3.6797531
35.61941,3.521508
35.63102,3.597043
35.64263,3.6377858
35.65424,3.2198294
35.66585,3.1399122
35.67746,2.8526316
35.68907,3.2880457
35.70068,3.224383
35.71229,2.8334597
35.7239,2.7147523
35.73551,2.9736532
35.74712,2.4613994
35.75873,2.7186141
35.77034,2.7210776
35.78195,2.2361237
35.79356,2.3279694
35.80517,2.5049308
35.81678,2.5302573
35.82839,2.3907146
35.84,2.3483883
35.85161,2.2832558
35.86322,2.0236267
35.87483,1.9846023
35.88644,2.0192953
35.89805,1.9394424
35.90966,1.9184518
35.92127,1.9927606
35.93288,2.009156
35.94449,1.9286779
35.9561,1.8445267
35.96771,1.7898765
35.97932,1.9620492
35.99093,1.9432701
36.00254,1.7711113
36.01415,1.5873828
36.02576,1.6217547
36.03737,1.7472444
36.04898,1.6507746
36.06059,1.6235332
36.0722,1.6536308
36.08381,1.6196721
36.09542,1.6068224
36.107029,1.7108413
36.118639,1.4199751
36.130249,1.4409329
36.141859,1.6343289
36.153469,1.5729565
36.165079,1.2677512
36.176689,1.3855928
36.188299,1.5519973
36.199909,2.0944451
36.211519,3.3575719
36.223129,3.8854909
36.234739,3.9969389
36.246349,4.3900462
36.257959,3.7892067
36.269569,3.5092549
36.281179,3.7519597
36.292789,3.2939936
36.304399,3.0373839
36.316009,3.1292471
36.327619,3.0469524
36.339229,2.9949459
36.350839,3.3491999
36.362449,3.4602018
36.374059,3.1102508
36.385669,3.0860392
36.397279,3.1284653
36.408889,2.86454
36.420499,2.8750083
36.432109,2.9350698
36.443719,2.5351025
36.455329,2.2642064
36.466939,2.6099695
36.478549,2.6563618
36.490159,2.6049458
36.501769,2.8189111
36.513379,2.5669124
36.524989,2.3064644
36.536599,2.3896267
36.548209,2.3403084
36.559819,1.9481646
36.571429,1.8267643
36.583039,1.8871764
36.594649,1.734531
36.606259,1.85008
36.617868,2.2273839
36.629478,2.1362124
36.641088,1.9281094
36.652698,1.9713667
36.664308,1.6984996
36.675918,1.3944727
36.687528,1.7135419
36.699138,1.7566235
36.710748,1.6889448
36.722358,1.4942538
36.733968,1.7576737
36.745578,1.9143485
36.757188,2.3790797
36.768798,2.1967631
36.780408,2.2558727
36.792018,2.6687647
36.803628,1.9306599
36.815238,2.699298
36.826848,1.9571916
36.838458,2.362088
36.850068,1.853843
36.861678,2.4626878
36.873288,2.6878525
36.884898,2.415762
36.896508,2.5637359
36.908118,2.0895144
36.919728,2.5469457
36.931338,2.0243882
36.942948,2.0800867
36.954558,2.0969285
36.966168,2.5160517
36.977778,4.5239229
36.989388,4.7296605
37.000998,5.0666156
37.012608,5.0234418
37.024218,4.892519
37.035828,4.9792627
37.047438,4.306351
37.059048,4.8835567
37.070658,4.0363253
37.082268,4.7963927
37.093878,4.1989317
37.105488,4.4784938
37.117098,4.5033984
37.128707,4.0398861
37.140317,4.5701249
37.151927,3.7839269
37.163537,4.5489732
37.175147,3.8071479
37.186757,4.2418049
37.198367,3.9457091
37.209977,3.7658021
37.221587,3.8019823
37.233197,3.603023
37.244807,5.0419703
37.256417,3.3530675
37.268027,4.7571146
37.279637,3.3164978
37.291247,4.2684481
37.302857,3.2447631
37.314467,3.5027732
37.326077,3.2972912
37.337687,2.7663897
37.349297,3.3279831
37.360907,2.8224317
37.372517,4.888582
37.384127,3.0240115
37.395737,3.3509593
37.407347,2.8466355
37.418957,2.6982864
37.430567,2.5081117
37.442177,2.4141309
37.453787,2.6388436
37.465397,2.3079384
37.477007,2.4497956
37.488617,2.3644719
37.500227,2.9425758
37.511837,2.9093849
37.523447,3.9198892
37.535057,3.2729633
37.546667,3.9254957
37.558277,2.9192478
37.569887,3.7919578
37.581497,3.0461145
37.593107,3.0829796
37.604717,3.6896903
37.616327,3.0754687
37.627937,3.6861732
37.639546,2.1880566
37.651156,3.973422
37.662766,1.9065695
37.674376,4.2508367
37.685986,2.4480337
37.697596,3.573593
37.709206,2.4057021
37.720816,3.2398512
37.732426,2.3955448
37.744036,3.1190926
37.755646,2.3887266
37.767256,5.2227329
37.778866,3.8794568
37.790476,4.517076
37.802086,3.9281051
37.813696,4.5035832
37.825306,3.7636895
37.836916,4.0224747
37.848526,2.68019
37.860136,3.8264612
37.871746,2.4346049
37.883356,3.8140721
37.894966,3.1671632
37.906576,6.2582939
37.918186,7.5007392
37.929796,7.0679498
37.941406,6.8115781
37.953016,6.6539108
37.964626,5.9061558
37.976236,5.7739227
37.987846,5.8129912
37.999456,5.6127561
38.011066,5.1988783
38.022676,4.677064
38.034286,4.3884753
38.045896,4.5866343
38.057506,4.560262
38.069116,4.0848003
38.080726,3.9829687
38.092336,3.9839277
38.103946,3.5928319
38.115556,3.0451955
38.127166,3.2515239
38.138776,3.5896377
38.150385,3.5593935
38.161995,3.3020957
38.173605,2.9248363
38.185215,2.8153149
38.196825,2.9440904
38.208435,3.0581032
38.220045,2.7358499
38.231655,2.7957575
38.243265,2.7344189
38.254875,2.5866833
38.266485,2.1588743
38.278095,2.190727
38.289705,1.9837868
38.301315,2.2203497
38.312925,2.1704891
38.324535,1.6492997
38.336145,1.9841686
38.347755,1.9854531
38.359365,1.8470483
38.370975,1.970037
38.382585,1.7445559
38.394195,1.9904814
38.405805,1.9729009
38.417415,1.5052354
38.429025,1.7098851
38.440635,1.9223398
38.452245,1.9502753
38.463855,1.6905832
38.475465,1.8399599
38.487075,1.679322
38.498685,1.6835052
38.510295,1.5662239
38.521905,1.6383185
38.533515,1.6700344
38.545125,1.8113721
38.556735,1.6405215
38.568345,1.5277561
38.579955,1.5414026
38.591565,1.6152332
38.603175,1.6772259
38.614785,1.5123919
38.626395,1.4680519
38.638005,1.7342287
38.649615,1.7229193
38.661224,1.2290499
38.672834,1.5363725
38.684444,1.4465947
38.696054,1.5311081
38.707664,1.3276375
38.719274,1.2975598
38.730884,1.473788
38.742494,2.2397865
38.754104,2.6442878
38.765714,2.9297985
38.777324,3.0959505
38.788934,2.3093238
38.800544,3.1109463
38.812154,2.6040303
38.823764,2.4114016
38.835374,2.7899891
38.846984,1.8466574
38.858594,2.7483629
38.870204,2.8451693
38.881814,1.9711026
38.893424,2.7451591
38.905034,2.76279
38.916644,2.4376231
38.928254,2.8280759
38.939864,2.5879993
38.951474,2.1243019
38.963084,2.6387156
38.974694,2.6024848
38.986304,2.1185803
38.997914,2.6503867
39.009524,2.0882659
39.021134,2.2211761
39.032744,2.694197
39.044354,1.8401645
39.055964,2.4500176
39.067574,2.4885349
39.079184,1.8600094
39.090794,2.4736881
39.102404,1.9933406
39.114014,1.9515351
39.125624,2.2796412
39.137234,1.8098607
39.148844,2.0446869
39.160454,2.1528948
39.172063,1.9736694
39.183673,1.9238755
39.195283,1.9922737
39.206893,1.8414393
39.218503,1.8435121
39.230113,2.1703679
39.241723,1.4121386
39.253333,1.8190472
39.264943,1.7948119
39.276553,1.3585993
39.288163,1.9332838
39.299773,1.6607992
39.311383,1.6783512
39.322993,2.0159708
39.334603,2.6309316
39.346213,3.5949273
39.357823,3.0678526
39.369433,2.5522798
39.381043,2.8134137
39.392653,1.8603508
39.404263,1.9216515
39.415873,3.0268577
39.427483,6.1605474
39.439093,4.8803548
39.450703,3.6086577
39.462313,4.4634706
39.473923,4.2754705
39.485533,4.1589437
39.497143,4.4287328
39.508753,4.3376869
39.520363,4.0425588
39.531973,3.5589933
39.543583,3.2672256
39.555193,2.9531614
39.566803,2.7158228
39.578413,2.4415602
39.590023,2.4184417
39.601633,2.4171222
39.613243,2.4911589
39.624853,2.3069157
39.636463,2.3973179
39.648073,2.2528269
39.659683,1.8593345
39.671293,2.093915
39.682902,1.9203999
39.694512,1.6328875
39.706122,1.6993272
39.717732,1.5941445
39.729342,1.4050068
39.740952,1.4855928
39.752562,1.5092689
39.764172,1.3361322
39.775782,1.2334464
39.787392,1.3128297
39.799002,1.3185566
39.810612,1.280666
39.822222,1.1073523
39.833832,1.0740464
39.845442,1.1705865
39.857052,1.2465142
39.868662,1.0694243
39.880272,1.1341628
39.891882,1.0503104
39.903492,0.97230376
39.915102,0.94568913
39.926712,1.1561866
39.938322,1.0971405
39.949932,1.0333314
39.961542,1.1114219
39.973152,1.0885034
39.984762,1.1016592
39.996372,1.1234267
40.007982,1.1324214
40.019592,1.195774
40.031202,1.1721254
40.042812,4.6397147
40.054422,4.7366834
40.066032,3.0139835
40.077642,3.9426161
40.089252,3.4997079
40.100862,3.1392742
40.112472,3.2503508
40.124082,2.9958513
40.135692,4.8659705
40.147302,3.75083
40.158912,3.5147847
40.170522,4.0985374
40.182132,8.0817416
40.193741,7.2519901
40.205351,6.1409529
40.216961,6.3879967
40.228571,4.8689245
40.240181,5.749364
40.251791,5.2792511
40.263401,4.9787643
40.275011,5.7899936
40.286621,5.2788127
40.298231,4.3910927
40.309841,4.3456414
40.321451,4.2661676
40.333061,3.3218798
40.344671,3.5436607
40.356281,3.6212643
40.367891,3.1820899
40.379501,3.2776526
40.391111,2.9717432
40.402721,2.6496167
40.414331,2.8123234
40.425941,2.7810532
40.437551,2.8348417
40.449161,2.6386654
40.460771,2.7086991
40.472381,2.4857519
40.483991,2.6698075
40.495601,2.7337082
40.507211,2.4569279
40.518821,2.666063
40.530431,2.8648609
40.542041,2.7531721
40.553651,2.7483055
40.565261,2.5827745
40.576871,2.711956
40.588481,2.5039076
40.600091,2.5613228
40.611701,2.3260608
40.623311,2.4602487
40.634921,2.4457996
40.646531,2.1212702
40.658141,2.4069992
40.669751,2.0613347
40.681361,2.2879171
40.692971,1.8937458
40.70458,2.0575787
40.71619,1.8524307
40.7278,1.8778932
40.73941,2.0778642
40.75102,1.6292792
40.76263,2.037487
40.77424,1.7117047
40.78585,1.957431
40.79746,1.6254556
40.80907,1.9078401
40.82068,1.9917428
40.83229,1.7364564
40.8439,2.0831146
40.85551,2.312886
40.86712,2.0973273
40.87873,2.4802377
40.89034,3.4164603
40.90195,1.42956
40.91356,2.6270403
40.92517,2.1877431
40.93678,2.1185151
40.94839,2.5788784
40.96,2.3295373
40.97161,2.9730742
40.98322,2.3975042
40.99483,3.4317529
41.00644,3.1429088
41.01805,3.4236608
41.02966,3.5907178
41.04127,2.9153612
41.05288,3.4226667
41.06449,3.0454692
41.0761,3.1831552
41.08771,2.7463319
41.09932,2.6347127
41.11093,2.9696444
41.12254,2.0170486
41.13415,2.739428
41.14576,2.2661245
41.15737,2.446744
41.16898,2.5619229
41.18059,2.2786694
41.1922,2.2959584
41.20381,2.019275
41.21542,2.1358352
41.227029,2.0931903
41.238639,1.9657648
41.250249,2.1169043
41.261859,1.8628697
41.273469,2.091184
41.285079,2.0073599
41.296689,2.1010949
41.308299,1.6538459
41.319909,1.8043052
41.331519,1.7603494
41.343129,1.5168427
41.354739,1.868748
41.366349,1.6022686
41.377959,1.6085783
41.389569,1.5241322
41.401179,1.6475999
41.412789,1.6164765
41.424399,1.497329
41.436009,1.6589369
41.447619,1.7266084
41.459229,1.5949758
41.470839,1.8560004
41.482449,1.6728871
41.494059,1.4924752
41.505669,1.7968898
41.517279,1.4602034
41.528889,1.7387731
41.540499,1.7381266
41.552109,1.8071137
41.563719,1.9337516
41.575329,1.8201259
41.586939,1.9442111
41.598549,2.166168
41.610159,2.3587845
41.621769,1.7014817
41.633379,2.2610459
41.644989,1.868155
41.656599,1.9160495
41.668209,3.5374097
41.679819,3.5822643
41.691429,2.6991664
41.703039,3.6779469
41.714649,2.5462888
41.726259,2.8229844
41.737868,2.8951013
41.749478,3.0628388
41.761088,2.9044797
41.772698,2.7283979
41.784308,2.6163159
41.795918,2.6668875
41.807528,2.6591657
41.819138,2.546598
41.830748,2.4350682
41.842358,2.2743667
41.853968,2.4839786
41.865578,2.4403754
41.877188,2.2439376
41.888798,2.5694237
41.900408,2.4965522
41.912018,2.4009851
41.923628,2.2775243
41.935238,2.3423426
41.946848,2.1987819
41.958458,2.2848999
41.970068,2.2077794
41.981678,2.2630547
41.993288,2.1287396
42.004898,2.191104
42.016508,2.0298262
42.028118,1.9313308
42.039728,1.8617051
42.051338,1.9908192
42.062948,1.9396918
42.074558,1.8096798
42.086168,1.8746297
42.097778,1.8897667
42.109388,1.6659527
42.120998,1.5950889
42.132608,1.7467296
42.144218,1.7673745
42.155828,1.6712607
42.167438,1.8137974
42.179048,1.754939
42.190658,1.6875342
42.202268,1.7652405
42.213878,1.7869606
42.225488,1.7387517
42.237098,1.6512764
42.248707,1.6901693
42.260317,1.6493864
42.271927,1.6073194
42.283537,1.6166743
42.295147,1.5513685
42.306757,1.5394848
42.318367,1.5429698
42.329977,1.5598414
42.341587,1.5490277
42.353197,1.5113346
42.364807,1.4977992
42.376417,1.4694676
42.388027,1.4263942
42.399637,1.4099527
42.411247,1.4534576
42.422857,1.8643164
42.434467,2.3923569
42.446077,2.0049226
42.457687,1.808187
42.469297,2.6202845
42.480907,2.5842714
42.492517,2.4854191
42.504127,2.1826597
42.515737,2.1677857
42.527347,2.1016738
42.538957,2.2197584
42.550567,2.4336272
42.562177,1.8657311
42.573787,1.7877754
42.585397,1.9053346
42.597007,2.3526242
42.608617,2.1191478
42.620227,2.0638582
42.631837,1.7195048
42.643447,2.0754518
42.655057,1.6973645
42.666667,2.0762501
42.678277,1.9046041
42.689887,1.7582807
42.701497,1.8354216
42.713107,2.4325154
42.724717,2.0700226
42.736327,1.8033904
42.747937,1.7039847
42.759546,1.8468124
42.771156,1.8954749
42.782766,1.8314667
42.794376,1.9704705
42.805986,1.9756593
42.817596,1.7055012
42.829206,2.0378824
42.840816,1.8486999
42.852426,1.5160987
42.864036,2.0940739
42.875646,1.7485244
42.887256,1.9752679
42.898866,1.9482541
42.910476,1.7483574
42.922086,1.6516616
42.933696,1.7963267
42.945306,1.5934323
42.956916,1.8209649
42.968526,1.6527373
42.980136,1.6462554
42.991746,1.7904975
43.003356,1.5708174
43.014966,1.3311959
43.026576,1.7870386
43.038186,1.4502577
43.049796,1.6001148
43.061406,1.661475
43.073016,1.5908872
43.084626,1.2490094
43.096236,1.4106838
43.107846,1.3119222
43.119456,1.7786764
43.131066,2.1685248
43.142676,2.8952625
43.154286,2.6943183
43.165896,2.2577333
43.177506,1.8511412
43.189116,2.3936622
43.200726,2.5489277
43.212336,2.6904082
43.223946,2.1214409
43.235556,2.1632424
43.247166,1.9598416
43.258776,2.176187
43.270385,2.2504635
43.281995,2.2122723
43.293605,2.2373037
43.305215,2.0818813
43.316825,2.3706589
43.328435,2.2468076
43.340045,2.0814689
43.351655,2.210062
43.363265,1.9493897
43.374875,1.9719718
43.386485,2.4999147
43.398095,2.022113
43.409705,2.2419431
43.421315,1.7961734
43.432925,2.0309703
43.444535,2.1393106
43.456145,2.2803571
43.467755,1.7413343
43.479365,1.9894608
43.490975,1.5447833
43.502585,1.8810917
43.514195,1.7955077
43.525805,1.6165606
43.537415,1.4727373
43.549025,1.8311539
43.560635,1.904199
43.572245,1.8091339
43.583855,1.7534395
43.595465,1.374188
43.607075,1.4704015
43.618685,1.6550481
43.630295,1.9265514
43.641905,1.6549897
43.653515,1.6686972
43.665125,1.4173793
43.676735,1.5119595
43.688345,1.4848021
43.699955,1.3984272
43.711565,1.2930938
43.723175,1.442101
43.734785,1.5129356
43.746395,1.5084972
43.758005,1.4155455
43.769615,1.2516078
43.781224,1.0706829
43.792834,1.3706027
43.804444,1.4323066
43.816054,1.4996536
43.827664,1.2449569
43.839274,1.0622756
43.850884,0.906043
43.862494,1.3538259
43.874104,1.2796716
43.885714,1.3497764
43.897324,1.0887604
43.908934,1.2562202
43.920544,1.1986202
43.932154,1.3342372
43.943764,1.0986776
43.955374,1.0273836
43.966984,1.0229836
43.978594,1.3828092
43.990204,1.4385995
44.001814,1.3308689
44.013424,0.89467414
44.025034,0.92110564
44.036644,1.2035506
44.048254,1.3771335
44.059864,1.3115495
44.071474,1.1010612
44.083084,1.0683904
44.094694,1.1250109
44.106304,1.3824364
44.117914,1.2727966
44.129524,1.0213185
44.141134,1.0848894
44.152744,1.3012518
44.164354,1.3469288
44.175964,1.2105
44.187574,0.71323376
44.199184,0.99421768
44.210794,4.1251571
44.222404,8.1781325
44.234014,9.0573904
44.245624,8.7245873
44.257234,8.2836184
44.268844,8.0645988
44.280454,8.3558654
44.292063,7.7726808
44.303673,7.9543633
44.315283,7.8325354
44.326893,7.2491786
44.338503,7.8679873
44.350113,7.3840455
44.361723,6.949963
44.373333,7.2028777
44.384943,6.5559163
44.396553,6.5043188
44.408163,6.6713787
44.419773,5.7898137
44.431383,6.0042379
44.442993,5.8835151
44.454603,5.4719023
44.466213,5.7779634
44.477823,5.3074145
44.489433,5.0947722
44.501043,5.3655526
44.512653,4.6495906
44.524263,4.713053
44.535873,4.8640016
44.547483,4.2439117
44.559093,4.7812511
44.570703,4.4866206
44.582313,4.0198297
44.593923,4.5738255
44.605533,4.0210568
44.617143,3.8307541
44.628753,4.1667423
44.640363,3.3637368
44.651973,3.5398166
44.663583,3.6929952
44.675193,2.9841624
44.686803,3.3535632
44.698413,3.1148915
44.710023,2.6391542
44.721633,3.1142891
44.733243,2.5544158
44.744853,2.2534492
44.756463,2.7200975
44.768073,2.0643325
44.779683,1.9592858
44.791293,2.366334
44.802902,1.6172481
44.814512,1.8124347
44.826122,1.8890277
44.837732,1.3279575
44.849342,1.6486845
44.860952,1.4747433
44.872562,1.1546254
44.884172,1.7592263
44.895782,1.5711025
44.907392,1.2528688
44.919002,1.7016751
44.930612,1.7389082
44.942222,1.2787859
44.953832,1.865497
44.965442,1.9694839
44.977052,1.6969832
44.988662,2.1281334
45.000272,2.0309466
45.011882,4.5140044
45.023492,7.3909579
45.035102,7.1896066
45.046712,7.1190372
45.058322,7.3683996
45.069932,7.5308775
45.081542,5.9044291
45.093152,6.7433912
45.104762,6.799844
45.116372,4.8514214
45.127982,5.6604679
45.139592,5.3126168
45.151202,3.6928054
45.162812,4.6965523
45.174422,4.8767646
45.186032,3.3766564
45.197642,4.9900262
45.209252,4.6705547
45.220862,3.1638639
45.232472,4.9872921
45.244082,9.48857
45.255692,11.846697
45.267302,10.760512
45.278912,9.6574366
45.290522,9.4439145
45.302132,9.9566414
45.313741,9.1974731
45.325351,8.1209139
45.336961,7.6844255
45.348571,8.1388806
45.360181,7.7069659
45.371791,6.6756521
45.383401,6.349497
45.395011,6.6617149
45.406621,6.6825333
45.418231,5.9105394
45.429841,5.2584732
45.441451,5.7835626
45.453061,5.8920975
45.464671,4.7945965
45.476281,4.2199578
45.487891,5.0330982
45.499501,5.3175414
45.511111,4.6038033
45.522721,3.9691542
45.534331,4.4498594
45.545941,4.5727244
45.557551,4.0401605
45.569161,3.6539309
45.580771,4.0272133
45.592381,4.2120336
45.603991,3.5272402
45.615601,3.03808
45.627211,3.1009895
45.638821,3.1402223
45.650431,2.877449
45.662041,2.7785854
45.673651,3.0052082
45.685261,2.9794921
45.696871,2.5725249
45.708481,2.5070526
45.720091,2.5305291
45.731701,2.6364645
45.743311,2.5935755
45.754921,2.5737325
45.766531,2.5706399
45.778141,2.4498889
45.789751,2.3388293
45.801361,2.5662565
45.812971,2.6348705
45.82458,2.2716479
45.83619,1.9600607
45.8478,4.2430261
45.85941,4.1800415
45.87102,3.2855259
45.88263,4.2049818
45.89424,3.7924575
45.90585,3.714383
45.91746,3.5796068
45.92907,3.7795265
45.94068,3.0449226
45.95229,3.514264
45.9639,3.0536169
45.97551,2.9626058
45.98712,3.3958858
45.99873,2.906919
46.01034,2.9502963
46.02195,3.3115769
46.03356,2.9949351
46.04517,2.9202475
46.05678,3.1854176
46.06839,2.6681739
46.08,2.5914115
46.09161,2.8538384
46.10322,2.5408282
46.11483,2.5009555
46.12644,2.3978744
46.13805,2.2829228
46.14966,2.2502781
46.16127,2.0633713
46.17288,2.1798236
46.18449,2.633651
46.1961,2.3057389
46.20771,2.2646134
46.21932,2.5188006
46.23093,2.4415584
46.24254,1.8734155
46.25415,2.0641681
46.26576,1.9664588
46.27737,1.8172838
46.28898,1.8895523
46.30059,2.3610481
46.3122,4.0039564
46.32381,3.3513697
46.33542,2.8513703
46.347029,3.0235452
46.358639,3.1680402
46.370249,2.71917
46.381859,2.7050528
46.393469,3.9844146
46.405079,8.1302677
46.416689,7.1817987
46.428299,8.8018104
46.439909,8.4636839
46.451519,8.3865273
46.463129,7.8309821
46.474739,7.7111287
46.486349,7.6368991
46.497959,7.3558638
46.509569,7.2132988
46.521179,6.8187831
46.532789,6.3248577
46.544399,5.9656842
46.556009,5.850201
46.567619,5.3947418
46.579229,5.3711269
46.590839,5.3151552
46.602449,4.8939354
46.614059,4.5760977
46.625669,4.1509084
46.637279,3.9580453
46.648889,3.794256
46.660499,3.6504772
46.672109,3.7215133
46.683719,3.7608144
46.695329,3.5398338
46.706939,3.6861454
46.718549,3.4934806
46.730159,3.2816958
46.741769,3.1565175
46.753379,2.941742
46.764989,2.9333522
46.776599,2.764162
46.788209,2.6877066
46.799819,2.4116786
46.811429,2.2005863
46.823039,2.2260384
46.834649,2.3628638
46.846259,2.2713954
46.857868,2.2117981
46.869478,2.1497708
46.881088,2.2286126
46.892698,2.0757198
46.904308,1.9420505
46.915918,1.8835241
46.927528,2.0034853
46.939138,1.9100983
46.950748,1.9734117
46.962358,2.0739367
46.973968,2.0241276
46.985578,1.9326391
46.997188,2.0858237
47.008798,2.0438592
47.020408,2.0758562
47.032018,2.1786718
47.043628,2.1025071
47.055238,2.0751011
47.066848,2.0697503
47.078458,2.097182
47.090068,2.005619
47.101678,1.9925982
47.113288,2.1148809
47.124898,2.1041184
47.136508,2.0404656
47.148118,1.9572974
47.159728,1.9693137
47.171338,2.0819954
47.182948,2.0993069
47.194558,2.0938194
47.206168,2.3900064
47.217778,2.7608631
47.229388,2.591288
47.240998,2.5518598
47.252608,2.6277632
47.264218,2.7187544
47.275828,2.6909679
47.287438,2.6842923
47.299048,2.777574
47.310658,2.6782198
47.322268,2.7233321
47.333878,2.7505204
47.345488,2.7318605
47.357098,2.7285532
47.368707,2.6240628
47.380317,2.5573426
47.391927,2.5547522
47.403537,2.4899484
47.415147,2.5047366
47.426757,2.5719858
47.438367,2.5401906
47.449977,2.5728796
47.461587,2.5306242
47.473197,2.536274
47.484807,2.5639117
47.496417,2.5330379
47.508027,2.5164655
47.519637,2.4988803
47.531247,2.4408903
47.542857,2.4333283
47.554467,2.3619967
47.566077,2.3754094
47.577687,2.3706427
47.589297,2.2797916
47.600907,2.264555
47.612517,2.2490894
47.624127,2.2038096
47.635737,2.2345293
47.647347,2.1788398
47.658957,2.191267
47.670567,2.1814181
47.682177,2.1233259
47.693787,2.2957194
47.705397,2.3565594
47.717007,2.3197408
47.728617,3.7003319
47.740227,3.6107585
47.751837,3.5849168
47.763447,3.327052
47.775057,3.5180186
47.786667,3.4630024
47.798277,3.4912068
47.809887,3.5081808
47.821497,3.3885671
47.833107,3.4327601
47.844717,3.5690102
47.856327,3.4076057
47.867937,3.4294152
47.879546,3.6567489
47.891156,3.3524799
47.902766,3.5773034
47.914376,3.5135011
47.925986,3.340391
47.937596,3.4723982
47.949206,3.5707203
47.960816,8.5788653
47.972426,10.388964
47.984036,8.5775556
47.995646,9.0836262
48.007256,9.0261261
48.018866,8.0583244
48.030476,8.7420992
48.042086,8.8227275
48.053696,7.6231998
48.065306,8.0410617
48.076916,8.4813152
48.088526,7.2307783
48.100136,7.7641713
48.111746,7.8639781
48.123356,6.5667945
48.134966,7.0225535
48.146576,7.2078501
48.158186,5.9217444
48.169796,6.3385634
48.181406,6.6644419
48.193016,3.9044087
48.204626,8.0159924
48.216236,8.9502896
48.227846,4.2591489
48.239456,8.6875382
48.251066,8.2371113
48.262676,3.9785434
48.274286,8.1619999
48.285896,6.9121701
48.297506,3.7991269
48.309116,7.1575904
48.320726,5.3255115
48.332336,3.5157115
48.343946,6.280381
48.355556,5.4462526
48.367166,9.4388223
48.378776,13.658131
48.390385,12.39345
48.401995,10.941742
48.413605,11.58669
48.425215,11.626588
48.436825,9.8348693
48.448435,8.1300798
48.460045,7.7304492
48.471655,9.8462158
48.483265,9.8211215
48.494875,8.5812413
48.506485,9.6587673
48.518095,7.0945217
48.529705,11.131828
48.541315,13.213119
48.552925,11.699793
48.564535,10.748198
48.576145,10.090329
48.587755,9.8478421
48.599365,9.1902317
48.610975,8.3746091
48.622585,8.2870039
48.634195,8.5391572
48.645805,8.0128082
48.657415,7.324064
48.669025,7.0829203
48.680635,7.1266605
48.692245,6.3835011
48.703855,5.7276673
48.715465,5.9498042
48.727075,6.0942905
48.738685,5.4658802
48.750295,5.1361855
48.761905,5.4299432
48.773515,5.2027872
48.785125,4.4510029
48.796735,4.3562718
48.808345,4.46849
48.819955,4.3795195
48.831565,3.9539914
48.843175,3.9908013
48.854785,4.3060649
48.866395,4.0745778
48.878005,3.7027774
48.889615,3.486963
48.901224,3.4247688
48.912834,3.0539952
48.924444,4.2936816
48.936054,5.311706
48.947664,8.429538
48.959274,8.2932769
48.970884,7.7690786
48.982494,8.1012468
48.994104,7.2841622
49.005714,6.7983293
49.017324,6.7940957
49.028934,5.8167448
49.040544,5.8981569
49.052154,5.4530101
49.063764,5.1933033
49.075374,4.8740467
49.086984,4.2257877
49.098594,4.8811954
49.110204,4.523387
49.121814,4.5360534
49.133424,4.1073236
49.145034,3.8339371
49.156644,3.7793852
49.168254,3.2666316
49.179864,4.0168973
49.191474,3.6098502
49.203084,3.2303916
49.214694,3.7846255
49.226304,2.6405943
49.237914,3.1670085
49.249524,2.8811986
49.261134,3.0279001
49.272744,6.4380619
49.284354,10.365562
49.295964,13.040782
49.307574,11.691601
49.319184,11.476538
49.330794,11.450685
49.342404,9.5985144
49.354014,10.594394
49.365624,9.3890842
49.377234,8.7275493
49.388844,8.8222312
49.400454,7.6278085
49.412063,7.7315156
49.423673,7.8907988
49.435283,9.3130549
49.446893,9.9636832
49.458503,9.4405353
49.470113,8.2535029
49.481723,6.7746787
49.493333,7.6365442
49.504943,8.2096513
49.516553,7.7195673
49.528163,7.2969677
49.539773,6.7474014
49.551383,5.8185071
49.562993,5.8693307
49.574603,6.0633795
49.586213,6.7529103
49.597823,5.9814111
49.609433,5.2431449
49.621043,4.7469831
49.632653,6.4504614
49.644263,8.2905921
49.655873,9.6081548
49.667483,8.920356
49.679093,8.2941129
49.690703,8.398923
49.702313,7.6302873
49.713923,7.4113526
49.725533,5.6460216
49.737143,6.6370632
49.748753,5.0591838
49.760363,5.5653733
49.771973,5.1015071
49.783583,4.7832202
49.795193,4.158055
49.806803,4.5530137
49.818413,3.7297627
49.830023,4.081749
49.841633,3.5673587
49.853243,4.398095
49.864853,3.5985238
49.876463,4.258417
49.888073,4.1905798
49.899683,3.9958056
49.911293,6.3093599
49.922902,7.2742551
49.934512,8.0597717
49.946122,7.7543004
49.957732,7.2533033
49.969342,6.3059283
49.980952,6.1724329
49.992562,5.5725366
50.004172,5.5030766
50.015782,5.4657572
50.027392,5.629429
50.039002,5.4281408
50.050612,5.4142315
50.062222,5.1238461
50.073832,5.5658485
50.085442,5.1511332
50.097052,5.2361979
50.108662,4.7732469
50.120272,4.5465494
50.131882,4.1872651
50.143492,4.0306336
50.155102,3.5519851
50.166712,3.4117264
50.178322,2.9136841
50.189932,3.0879873
50.201542,2.8312749
50.213152,2.7678619
50.224762,2.8542713
50.236372,2.6023516
50.247982,2.5485513
50.259592,2.2751093
50.271202,2.41736
50.282812,2.0938251
50.294422,1.9853799
50.306032,2.1550666
50.317642,2.1355777
50.329252,1.8563932
50.340862,1.7701354
50.352472,1.7895337
50.364082,1.8978451
50.375692,1.9141793
50.387302,1.6393672
50.398912,1.6622053
50.410522,1.5428899
50.422132,1.7709672
50.433741,1.6634207
50.445351,1.4129694
50.456961,1.3071732
50.468571,1.6784079
50.480181,1.5269761
50.491791,1.4889633
50.503401,1.3630842
50.515011,1.5142607
50.526621,1.3512984
50.538231,1.666946
50.549841,1.3996899
50.561451,1.2842198
50.573061,1.3029118
50.584671,1.6156489
50.596281,1.3695264
50.607891,1.4356855
50.619501,1.4105197
50.631111,1.6071144
50.642721,1.3904963
50.654331,1.5477144
50.665941,1.2745319
50.677551,1.2140209
50.689161,0.98618528
50.700771,1.7698139
50.712381,4.6246475
50.723991,8.6019431
50.735601,10.821997
50.747211,10.467715
50.758821,9.8424134
50.770431,9.4672035
50.782041,8.7031692
50.793651,8.357515
50.805261,8.0304259
50.816871,7.4510466
50.828481,7.4512814
50.840091,7.1670653
50.851701,6.906997
50.863311,6.6259552
50.874921,6.1085823
50.886531,5.781867
50.898141,5.4605496
50.909751,7.0412816
50.921361,7.4001507
50.932971,7.4784136
50.94458,6.9603809
50.95619,5.6442385
50.9678,4.3140732
50.97941,4.9007256
50.99102,5.5322698
51.00263,6.2081443
51.01424,5.9441023
51.02585,4.5693927
51.03746,3.7815873
51.04907,4.4274063
51.06068,4.8516152
51.07229,4.5367544
51.0839,3.9951664
51.09551,4.0015447
51.10712,3.6650581
51.11873,3.6623003
51.13034,3.5703764
51.14195,3.4065151
51.15356,3.342215
51.16517,2.8425443
51.17678,2.6856811
51.18839,2.4088099
51.2,2.7228522
51.21161,2.8724675
51.22322,2.823135
51.23483,2.5797497
51.24644,2.232105
51.25805,1.8284112
51.26966,2.015466
51.28127,2.1190714
51.29288,2.1375261
51.30449,1.976252
51.3161,1.666472
51.32771,1.335439
51.33932,1.4158158
51.35093,1.5384932
51.36254,1.5650898
51.37415,1.3962188
51.38576,1.3730265
51.39737,1.4186001
51.40898,1.4846078
51.42059,1.4802546
51.4322,1.5287845
51.44381,1.4451018
51.45542,1.5148217
51.467029,1.4177819
51.478639,1.2616426
51.490249,1.2442729
51.501859,1.3341525
51.513469,1.4816797
51.525079,1.6248565
51.536689,1.5656727
51.548299,1.447852
51.559909,1.2663407
51.571519,1.573157
51.583129,2.7810182
51.594739,2.8238388
51.606349,2.83267
51.617959,2.2825689
51.629569,2.4546412
51.641179,2.096739
51.652789,2.147987
51.664399,2.2755678
51.676009,1.9436902
51.687619,2.241537
51.699229,2.5699187
51.710839,2.6665893
51.722449,2.2994074
51.734059,2.1166109
51.745669,2.4573941
51.757279,2.5389171
51.768889,2.1810081
51.780499,1.9472309
51.792109,2.2647764
51.803719,2.5993198
51.815329,2.7537882
51.826939,2.5992614
51.838549,2.2038012
51.850159,2.1473467
51.861769,2.5047383
51.873379,2.5934534
51.884989,1.881231
51.896599,1.8244038
51.908209,2.2792081
51.919819,2.3672827
51.931429,2.0896557
51.943039,1.8191394
51.954649,1.9836837
51.966259,1.8811303
51.977868,2.0025648
51.989478,1.9202997
52.001088,1.6033584
52.012698,1.5511147
52.024308,1.9739442
52.035918,2.1776618
52.047528,1.9243943
52.059138,1.6663987
52.070748,1.7558949
52.082358,2.009193
52.093968,1.9112924
52.105578,1.5947496
52.117188,1.5885117
52.128798,3.2208067
52.140408,3.7363621
52.152018,2.7937418
52.163628,2.9488197
52.175238,2.9774003
52.186848,2.501783
52.198458,2.6552152
52.210068,2.8203899
52.221678,2.4004755
52.233288,2.3495326
52.244898,2.7476486
52.256508,2.8686138
52.268118,2.1617452
52.279728,2.3769576
52.291338,2.5624672
52.302948,2.6333391
52.314558,2.2253002
52.326168,2.3127692
52.337778,2.1561613
52.349388,2.0773636
52.360998,2.3904605
52.372608,2.3943928
52.384218,2.0645206
52.395828,2.0561271
52.407438,2.4116243
52.419048,2.430932
52.430658,1.7398027
52.442268,1.7163223
52.453878,1.9078146
52.465488,2.0702736
52.477098,1.819474
52.488707,1.6340298
52.500317,1.8199036
52.511927,1.809479
52.523537,2.0468835
52.535147,2.0252112
52.546757,1.923996
52.558367,1.5201448
52.569977,1.8280134
52.581587,2.1777623
52.593197,1.9097771
52.604807,1.593414
52.616417,1.738247
52.628027,1.8901373
52.639637,1.8429731
52.651247,1.71484
52.662857,1.857024
52.674467,1.2802045
52.686077,1.6553501
52.697687,1.9562517
52.709297,1.6870295
52.720907,1.4979171
52.732517,1.6660727
52.744127,4.3975119
52.755737,4.3588879
52.767347,4.2592875
52.778957,4.741975
52.790567,4.9432106
52.802177,5.4460951
52.813787,5.5385263
52.825397,4.6489979
52.837007,5.2883386
52.848617,4.9428529
52.860227,4.8364461
52.871837,4.6828679
52.883447,4.7028001
52.895057,4.5092973
52.906667,4.4338468
52.918277,4.0144646
52.929887,3.7748729
52.941497,3.5605714
52.953107,3.1960637
52.964717,2.8511571
52.976327,2.9293249
52.987937,3.0336604
52.999546,3.0099885
53.011156,2.9371146
53.022766,3.3752071
53.034376,3.1260019
53.045986,3.249009
53.057596,3.2151372
53.069206,3.6135448
53.080816,3.3632048
53.092426,3.364982
53.104036,3.0656168
53.115646,3.1128858
53.127256,3.1372764
53.138866,2.8495784
53.150476,2.7113742
53.162086,2.9250842
53.173696,2.7405604
53.185306,2.6637813
53.196916,2.5430837
53.208526,2.7052409
53.220136,2.6535212
53.231746,2.6509211
53.243356,2.4549554
53.254966,2.6570213
53.266576,2.4482032
53.278186,2.5728903
53.289796,2.4539359
53.301406,2.4425753
53.313016,2.3379778
53.324626,2.3291342
53.336236,2.2630157
53.347846,2.2050793
53.359456,2.192197
53.371066,4.5463787
53.382676,8.3943169
53.394286,7.8113251
53.405896,7.1140023
53.417506,6.5882021
53.429116,7.2009755
53.440726,6.2797376
53.452336,7.1278626
53.463946,7.5258794
53.475556,6.0914124
53.487166,5.5103195
53.498776,5.7256241
53.510385,6.9399339
53.521995,7.2217428
53.533605,6.021943
53.545215,5.3091975
53.556825,5.6426489
53.568435,6.6175506
53.580045,6.306573
53.591655,5.1776727
53.603265,4.5980016
53.614875,5.2038419
53.626485,5.8489621
53.638095,5.5762508
53.649705,4.5120894
53.661315,3.5616776
53.672925,4.3759909
53.684535,5.1870916
53.696145,5.0725425
53.707755,4.2712442
53.719365,3.7868126
53.730975,3.536304
53.742585,4.3500477
53.754195,4.5065953
53.765805,3.8422408
53.777415,2.961338
53.789025,3.1636929
53.800635,3.3873708
53.812245,3.6932976
53.823855,3.2918857
53.835465,2.8742749
53.847075,2.7905866
53.858685,2.9744779
53.870295,2.9895572
53.881905,2.4491165
53.893515,2.2979457
53.905125,2.5233032
53.916735,2.6700009
53.928345,2.5995649
53.939955,2.5229659
53.951565,2.1869522
53.963175,2.1673291
53.974785,2.3124973
53.986395,2.1664453
53.998005,1.9309058
54.009615,2.2157051
54.021224,1.9083085
54.032834,1.74004
54.044444,1.8779623
54.056054,1.9288529
54.067664,1.7520649
54.079274,2.0880695
54.090884,2.2161464
54.102494,1.8975502
54.114104,2.3606034
54.125714,4.0067376
54.137324,4.8744116
54.148934,4.5201948
54.160544,3.8761749
54.172154,4.5276739
54.183764,4.1206108
54.195374,3.7883699
54.206984,3.9595656
54.218594,3.9843677
54.230204,3.6785754
54.241814,4.1151242
54.253424,4.3511003
54.265034,3.6361061
54.276644,3.6237879
54.288254,3.8965098
54.299864,3.6775281
54.311474,3.5432465
54.323084,3.9153548
54.334694,3.1732329
54.346304,2.9562147
54.357914,3.5425818
54.369524,3.2881409
54.381134,2.8605188
54.392744,3.4062421
54.404354,3.2169525
54.415964,2.1416755
54.427574,3.1981155
54.439184,3.1375409
54.450794,2.1741256
54.462404,2.550682
54.474014,2.8770129
54.485624,2.1008799
54.497234,2.4686907
54.508844,3.0126647
54.520454,2.4055047
54.532063,1.94119
54.543673,2.5532317
54.555283,1.9927536
54.566893,1.8217067
54.578503,2.3106173
54.590113,2.2407986
54.601723,1.6199912
54.613333,1.9467679
54.624943,2.3864577
54.636553,1.6546574
54.648163,2.0557541
54.659773,2.370667
54.671383,1.6334297
54.682993,1.8185148
54.694603,2.2423438
54.706213,5.1019646
54.717823,6.7578229
54.729433,6.290715
54.741043,6.0750525
54.752653,6.3917982
54.764263,6.3899872
54.775873,6.1498994
54.787483,5.4931998
54.799093,5.3096592
54.810703,4.8619859
54.822313,5.1758816
54.833923,4.2566502
54.845533,4.8057731
54.857143,4.1667508
54.868753,4.4379328
54.880363,4.4184123
54.891973,3.7206432
54.903583,4.7582856
54.915193,3.5670924
54.926803,4.4074071
54.938413,3.8183258
54.950023,4.2534217
54.961633,3.9121377
54.973243,3.6843399
54.984853,4.2481084
54.996463,3.1838739
55.008073,4.09551
55.019683,3.0546828
55.031293,3.7706044
55.042902,3.0721542
55.054512,3.4354389
55.066122,3.3901567
55.077732,2.7093727
55.089342,3.6972286
55.100952,2.7467127
55.112562,3.5636963
55.124172,2.574616
55.135782,3.1122202
55.147392,2.7085647
55.159002,2.5726157
55.170612,2.8077615
55.182222,2.4169497
55.193832,2.6113546
55.205442,2.0007153
55.217052,2.1556697
55.228662,1.6584255
55.240272,1.9517653
55.251882,1.9033069
55.263492,3.9812452
55.275102,7.5219965
55.286712,10.762635
55.298322,11.295882
55.309932,10.655541
55.321542,9.7373958
55.333152,9.2025879
55.344762,8.9354907
55.356372,9.013969
55.367982,8.7546154
55.379592,8.2185099
55.391202,7.8861438
55.402812,7.5909411
55.414422,7.2428867
55.426032,6.8216448
55.437642,6.6190664
55.449252,6.4801199
55.460862,6.176912
55.472472,5.6108229
55.484082,5.3494787
55.495692,5.2838209
55.507302,5.0571896
55.518912,5.0560645
55.530522,4.8928235
55.542132,4.7651552
55.553741,4.5192262
55.565351,4.4060872
55.576961,4.4845916
55.588571,4.4639926
55.600181,4.3720465
55.611791,4.3174969
55.623401,4.1438302
55.635011,3.9688126
55.646621,3.5439421
55.658231,3.4931338
55.669841,3.5567977
55.681451,3.2931847
55.693061,3.0304213
55.704671,3.1127279
55.716281,3.0766395
55.727891,2.7777584
55.739501,2.6090517
55.751111,2.8820916
55.762721,2.8841558
55.774331,2.7335436
55.785941,2.5594482
55.797551,2.6766421
55.809161,2.6617793
55.820771,2.647006
55.832381,2.5850285
55.843991,2.57698
55.855601,2.5088586
55.867211,2.2728048
55.878821,2.0919311
55.890431,2.2081084
55.902041,2.3005998
55.913651,1.8748857
55.925261,2.1920269
55.936871,3.9023354
55.948481,2.853772
55.960091,3.7135044
55.971701,4.1415453
55.983311,2.1413597
55.994921,3.8880941
56.006531,3.4442239
56.018141,1.7505263
56.029751,3.7978118
56.041361,2.9629702
56.052971,2.4454352
56.06458,3.7330881
56.07619,2.266122
56.0878,3.1977634
56.09941,3.7825563
56.11102,2.6571445
56.12263,3.28197
56.13424,3.6503626
56.14585,2.5851793
56.15746,3.0882343
56.16907,3.0182215
56.18068,1.9223009
56.19229,3.1078437
56.2039,2.7172252
56.21551,2.0428459
56.22712,3.1974238
56.23873,2.0541259
56.25034,2.6419619
56.26195,3.2223856
56.27356,2.1099582
56.28517,2.8537074
56.29678,3.0014218
56.30839,2.0143875
56.32,2.8391169
56.33161,2.3471218
56.34322,1.6800656
56.35483,2.6701296
56.36644,2.0613263
56.37805,2.0942818
56.38966,2.6026134
56.40127,1.922357
56.41288,1.9599397
56.42449,2.5391521
56.4361,1.9616143
56.44771,1.950094
56.45932,2.4913282
56.47093,1.602056
56.48254,2.0402974
56.49415,2.0129515
56.50576,1.8717477
56.51737,2.3346908
56.52898,2.5942741
56.54059,2.7760618
56.5522,4.7636538
56.56381,2.5986898
56.57542,4.1120036
56.587029,3.4134629
56.598639,2.9234101
56.610249,4.0493788
56.621859,2.5473101
56.633469,3.8818948
56.645079,2.5228169
56.656689,3.6801252
56.668299,3.3211136
56.679909,6.376825
56.691519,7.1337743
56.703129,6.4995854
56.714739,6.7133017
56.726349,6.1998662
56.737959,5.7818153
56.749569,5.8169439
56.761179,5.2181815
56.772789,5.525266
56.784399,5.2013849
56.796009,5.1459509
56.807619,4.5757301
56.819229,4.5293066
56.830839,4.437435
56.842449,4.0660907
56.854059,5.2537883
56.865669,11.647103
56.877279,13.221442
56.888889,12.499465
56.900499,12.1054
56.912109,12.006033
56.923719,12.140695
56.935329,11.924489
56.946939,11.545437
56.958549,11.298797
56.970159,10.706897
56.981769,10.848809
56.993379,10.540408
57.004989,10.139674
57.016599,9.6780452
57.028209,9.4560089
57.039819,8.9231592
57.051429,8.7842685
57.063039,8.6302587
57.074649,8.0928673
57.086259,8.0387415
57.097868,8.0456721
57.109478,7.628866
57.121088,7.6295669
57.132698,7.3892915
57.144308,7.0716889
57.155918,6.7341008
57.167528,7.1363504
57.179138,7.0786462
57.190748,6.6729093
57.202358,6.7012698
57.213968,5.8701076
57.225578,4.9351014
57.237188,4.7763686
57.248798,4.6036416
57.260408,4.8610064
57.272018,5.0661782
57.283628,5.3053572
57.295238,5.1502134
57.306848,5.2327158
57.318458,4.6641127
57.330068,4.1456174
57.341678,3.9007678
57.353288,3.6728046
57.364898,3.6595553
57.376508,3.3501812
57.388118,3.1291965
57.399728,3.4074324
57.411338,3.1650472
57.422948,3.1406836
57.434558,3.497434
57.446168,3.3237112
57.457778,3.7108834
57.469388,2.7948588
57.480998,3.3586672
57.492608,2.7913278
57.504218,2.8354662
57.515828,3.1484119
57.527438,2.9540413
57.539048,2.8512432
57.550658,3.2135059
57.562268,3.6903667
57.573878,4.134828
57.585488,4.1889938
57.597098,4.2618001
57.608707,4.0097491
57.620317,3.6946523
57.631927,3.2704942
57.643537,2.85642
57.655147,3.345769
57.666757,3.722395
57.678367,5.2302757
57.689977,4.5723522
57.701587,4.4046475
57.713197,4.8853647
57.724807,4.3932854
57.736417,4.4458265
57.748027,4.0419683
57.759637,4.3352896
57.771247,4.058092
57.782857,4.045308
57.794467,4.2494874
57.806077,4.5139672
57.817687,5.0856381
57.829297,5.069306
57.840907,4.9556662
57.852517,4.2173952
57.864127,3.5075516
57.875737,4.2799633
57.887347,3.2604823
57.898957,3.8013372
57.910567,4.0076502
57.922177,4.2603112
57.933787,4.4617009
57.945397,4.2239787
57.957007,4.0611747
57.968617,3.8047905
57.980227,3.6065812
57.991837,3.6618358
58.003447,3.2477431
58.015057,3.8265704
58.026667,3.3310053
58.038277,3.8608545
58.049887,3.9085857
58.061497,3.8866334
58.073107,3.7311796
58.084717,3.4954628
58.096327,3.2043528
58.107937,3.2308008
58.119546,3.1504514
58.131156,3.373897
58.142766,3.971758
58.154376,4.5270319
58.165986,4.8213155
58.177596,4.1903304
58.189206,4.6231037
58.200816,3.5575859
58.212426,4.6407331
58.224036,3.5245367
58.235646,4.7369009
58.247256,3.265437
58.258866,4.2126079
58.270476,4.3308557
58.282086,3.2463094
58.293696,4.3851197
58.305306,3.8434537
58.316916,3.4672985
58.328526,4.7466395
58.340136,8.1049941
58.351746,6.104879
58.363356,8.6553197
58.374966,8.3012882
58.386576,6.880343
58.398186,8.1365933
58.409796,7.6432333
58.421406,6.1098795
58.433016,7.2173417
58.444626,6.3284157
58.456236,5.0039583
58.467846,5.6838139
58.479456,4.531243
58.491066,4.412044
58.502676,5.5446451
58.514286,4.870567
58.525896,5.5313926
58.537506,5.7951091
58.549116,4.2232153
58.560726,4.9113383
58.572336,5.3742248
58.583946,4.4260978
58.595556,4.0426296
58.607166,4.6639119
58.618776,4.2539003
58.630385,2.9341926
58.641995,4.0692826
58.653605,3.6471961
58.665215,3.2737052
58.676825,4.0657038
58.688435,2.8421398
58.700045,4.2600983
58.711655,4.1020793
58.723265,2.9504233
58.734875,4.4026562
58.746485,4.000217
58.758095,2.7362831
58.769705,3.9159197
58.781315,3.6522032
58.792925,3.1341634
58.804535,3.2919167
58.816145,3.1708163
58.827755,3.2937736
58.839365,3.3454773
58.850975,2.7114579
58.862585,2.9922074
58.874195,3.8652959
58.885805,2.4558997
58.897415,3.7519841
58.909025,4.2196541
58.920635,2.5476451
58.932245,3.8890952
58.943855,2.7408257
58.955465,3.1051035
58.967075,3.2908333
58.978685,2.968315
58.990295,3.6152241
59.001905,2.7583063
59.013515,3.5980281
59.025125,2.8466227
59.036735,3.293797
59.048345,3.2221074
59.059955,2.7722527
59.071565,3.3787072
59.083175,2.5841486
59.094785,3.3939026
59.106395,2.7622032
59.118005,3.0672554
59.129615,3.0373672
59.141224,2.7640499
59.152834,3.2676125
59.164444,2.6533041
59.176054,3.0803568
59.187664,2.827035
59.199274,2.5576385
59.210884,2.9919354
59.222494,2.5472502
59.234104,2.8767807
59.245714,2.6206666
59.257324,2.6960557
59.268934,2.8037949
59.280544,2.3065863
59.292154,2.7174003
59.303764,2.2242468
59.315374,2.8013876
59.326984,2.2283282
59.338594,2.5863404
59.350204,2.2747593
59.361814,2.3034044
59.373424,2.3284117
59.385034,2.0573232
59.396644,2.3519725
59.408254,2.0731193
59.419864,2.3355265
59.431474,1.997086
59.443084,2.2175773
59.454694,2.1530115
59.466304,2.1374624
59.477914,2.2511076
59.489524,1.721168
59.501134,2.2951115
59.512744,1.4606759
59.524354,2.2914931
59.535964,1.2176803
59.547574,2.4312163
59.559184,2.777831
59.570794,2.9674143
59.582404,2.8734587
59.594014,2.7243612
59.605624,2.728693
59.617234,2.7357184
59.628844,2.3098382
59.640454,2.6171483
59.652063,2.223499
59.663673,2.6967632
59.675283,2.4078207
59.686893,2.3257258
59.698503,2.5715201
59.710113,2.1980394
59.721723,2.6947864
59.733333,1.9808825
59.744943,2.518689
59.756553,2.141956
59.768163,2.3452527
59.779773,2.3089781
59.791383,2.3011046
59.802993,2.3076334
59.814603,2.0884598
59.826213,2.230958
59.837823,2.1057486
59.849433,1.8613136
59.861043,2.0830881
59.872653,1.6035669
59.884263,5.0019974
59.895873,8.9433441
59.907483,9.5379068
59.919093,9.1029716
59.930703,8.5180232
59.942313,8.3000446
59.953923,8.2224907
59.965533,7.9198852
59.977143,7.8357777
59.988753,7.658944
60.000363,7.4698909
60.011973,7.8091849
60.023583,7.6666165
60.035193,7.3958885
60.046803,7.093569
60.058413,6.9265663
60.070023,6.5047345
60.081633,6.3309992
60.093243,6.0534336
60.104853,5.5815102
60.116463,5.6392695
60.128073,5.499675
60.139683,5.2154123
60.151293,5.0915791
60.162902,5.034902
60.174512,4.7856656
60.186122,4.5778486
60.197732,4.4689176
60.209342,4.2544215
60.220952,4.1501624
60.232562,4.1171321
60.244172,3.8217978
60.255782,3.662183
60.267392,3.6717123
60.279002,3.4830261
60.290612,3.331005
60.302222,3.1295165
60.313832,2.6827742
60.325442,2.5328362
60.337052,2.4241513
60.348662,2.2767765
60.360272,2.2182009
60.371882,2.22295
60.383492,2.2081568
60.395102,2.1591439
60.406712,1.9105797
60.418322,1.725952
60.429932,3.2636952
60.441542,7.0575698
60.453152,8.0344108
60.464762,7.315236
60.476372,7.361815
60.487982,7.1488681
60.499592,6.7676895
60.511202,7.0880832
60.522812,6.7970926
60.534422,6.4101647
60.546032,6.6704828
60.557642,6.7088197
60.569252,6.3155957
60.580862,6.5254706
60.592472,6.0379232
60.604082,5.7121925
60.615692,5.6520869
60.627302,5.0543968
60.638912,4.8892376
60.650522,5.049897
60.662132,4.5718106
60.673741,4.4592357
60.685351,4.612003
60.696961,2.5362572
60.708571,4.7660152
60.720181,5.0079601
60.731791,5.2501533
60.743401,4.8225435
60.755011,4.6382303
60.766621,4.9858411
60.778231,4.7381744
60.789841,4.6563188
60.801451,4.8414092
60.813061,4.5530725
60.824671,4.6885546
60.836281,4.6624858
60.847891,4.3730866
60.859501,3.8241385
60.871111,7.6116854
60.882721,8.9724156
60.894331,8.5528726
60.905941,8.343143
60.917551,7.750578
60.929161,8.0551252
60.940771,7.8801861
60.952381,7.6212118
60.963991,7.6158551
60.975601,7.2399077
60.987211,7.1580074
60.998821,7.1707781
61.010431,7.2444032
61.022041,8.2470303
61.033651,10.197739
61.045261,10.146014
61.056871,9.3118501
61.068481,9.0726928
61.080091,9.3168911
61.091701,9.2214128
61.103311,9.119065
61.114921,9.019339
61.126531,8.618301
61.138141,8.48513
61.149751,8.5290823
61.161361,8.1466458
61.172971,8.2119838
61.18458,6.9284271
61.19619,9.7938145
61.2078,9.8001
61.21941,4.0790995
61.23102,10.304539
61.24263,8.4385817
61.25424,4.9600103
61.26585,9.3681198
61.27746,6.8290325
61.28907,5.1286507
61.30068,8.0956684
61.31229,5.4551414
61.3239,4.7211732
61.33551,6.9156182
61.34712,5.0940433
61.35873,9.0672167
61.37034,10.511069
61.38195,7.3586127
61.39356,9.3715242
61.40517,8.6399937
61.41678,7.315199
61.42839,9.0174787
61.44,7.7681004
61.45161,7.0597892
61.46322,8.3472893
61.47483,7.3167507
61.48644,6.7902638
61.49805,8.0937236
61.50966,6.6124061
61.52127,6.2900661
61.53288,7.3741712
61.54449,5.6704113
61.5561,6.0073087
61.56771,7.6188937
61.57932,5.4903002
61.59093,5.4183853
61.60254,7.3875002
61.61415,3.8867838
61.62576,6.6961236
61.63737,6.1435647
61.64898,4.2580439
61.66059,6.0414635
61.6722,4.7721469
61.68381,4.1706773
61.69542,4.0014655
61.707029,3.5957896
61.718639,3.0470989
61.730249,2.6791538
61.741859,3.3639787
61.753469,2.9349058
61.765079,3.4644606
61.776689,4.0236469
61.788299,3.4093799
61.799909,7.7962296
61.811519,11.070388
61.823129,11.178513
61.834739,10.05833
61.846349,10.174226
61.857959,10.556735
61.869569,9.708562
61.881179,10.162631
61.892789,9.8871499
61.904399,9.1527574
61.916009,9.4919708
61.927619,9.05534
61.939229,8.8941854
61.950839,9.4402672
61.962449,11.200949
61.974059,9.7186153
61.985669,6.2874857
61.997279,12.079513
62.008889,9.8898564
62.020499,7.1408912
62.032109,11.194654
62.043719,7.6939777
62.055329,7.4796411
62.066939,9.6570219
62.078549,5.9838021
62.090159,6.3263667
62.101769,8.3514372
62.113379,4.737363
62.124989,6.2415968
62.136599,7.9037695
62.148209,3.8254205
62.159819,6.5471141
62.171429,6.7220331
62.183039,2.8312883
62.194649,6.1282121
62.206259,5.6705668
62.217868,2.6931412
62.229478,5.8184948
62.241088,5.2164908
62.252698,7.3280275
62.264308,8.3883687
62.275918,7.6147063
62.287528,7.1781171
62.299138,6.6182987
62.310748,6.6327778
62.322358,6.2661871
62.333968,5.8612858
62.345578,6.1498606
62.357188,5.4133075
62.368798,5.4103935
62.380408,5.3437359
62.392018,5.1510163
62.403628,5.4759921
62.415238,4.7651509
62.426848,4.6491895
62.438458,4.4897362
62.450068,4.1403456
62.461678,4.3280039
62.473288,3.6785912
62.484898,3.8179004
62.496508,3.5782979
62.508118,3.0472579
62.519728,3.2597358
62.531338,2.8152913
62.542948,3.143642
62.554558,3.0613145
62.566168,3.9493867
62.577778,7.6377078
62.589388,11.385957
62.600998,12.242716
62.612608,11.588828
62.624218,11.095893
62.635828,10.561528
62.647438,9.7281781
62.659048,9.367516
62.670658,8.7011318
62.682268,8.7215278
62.693878,8.9965639
62.705488,9.2946394
62.717098,7.7919541
62.728707,7.4685366
62.740317,7.6051202
62.751927,7.3789215
62.763537,6.8059273
62.775147,6.7662962
62.786757,6.741688
62.798367,6.6031923
62.809977,5.6767026
62.821587,5.8665672
62.833197,6.0792366
62.844807,5.8201516
62.856417,5.9426208
62.868027,7.2466741
62.879637,5.8322164
62.891247,4.541649
62.902857,5.5470627
62.914467,8.8539878
62.926077,8.9692945
62.937687,12.245437
62.949297,11.799873
62.960907,9.6242259
62.972517,9.324938
62.984127,9.2529438
62.995737,9.3259842
63.007347,8.8390537
63.018957,7.5286735
63.030567,7.156073
63.042177,6.5144631
63.053787,6.2937952
63.065397,6.5248928
63.077007,6.1536398
63.088617,6.5740885
63.100227,6.6535336
63.111837,6.0403453
63.123447,5.7389255
63.135057,5.7094972
63.146667,5.7916565
63.158277,5.0618767
63.169887,4.6028315
63.181497,5.0607917
63.193107,4.8545777
63.204717,4.7379605
63.216327,4.5828929
63.227937,4.1152305
63.239546,4.5823057
63.251156,3.9952846
63.262766,3.6023224
63.274376,4.2793673
63.285986,3.8566672
63.297596,3.5628997
63.309206,3.286539
63.320816,3.2474293
63.332426,3.6744426
63.344036,3.2781362
63.355646,3.2952048
63.367256,3.2273904
63.378866,3.0669641
63.390476,3.1440244
63.402086,2.442283
63.413696,2.7676778
63.425306,2.7960908
63.436916,2.2791312
63.448526,2.2735746
63.460136,2.303766
63.471746,2.639561
63.483356,2.4879748
63.494966,3.4470177
63.506576,3.1444589
63.518186,3.5528005
63.529796,3.0027059
63.541406,4.2153706
63.553016,3.8403351
63.564626,4.7052018
63.576236,4.3354376
63.587846,4.2037789
63.599456,4.3522571
63.611066,4.5542303
63.622676,4.3827518
63.634286,4.0380773
63.645896,3.9656898
63.657506,3.8951522
63.669116,3.6105219
63.680726,3.3096009
63.692336,3.8440021
63.703946,2.8711125
63.715556,3.5366035
63.727166,3.3496238
63.738776,3.1685409
63.750385,3.4815456
63.761995,3.0677868
63.773605,3.1336084
63.785215,3.1448564
63.796825,2.8667516
63.808435,3.0217604
63.820045,3.2589481
63.831655,3.1051965
63.843265,3.2179639
63.854875,2.7794136
63.866485,2.9471186
63.878095,2.7808678
63.889705,2.6505721
63.901315,2.734953
63.912925,2.4209701
63.924535,2.7933363
63.936145,2.6019981
63.947755,3.03137
63.959365,2.7426746
63.970975,2.8743736
63.982585,3.0201718
63.994195,2.2685778
64.005805,2.8824219
64.017415,3.4675566
64.029025,2.6515493
64.040635,2.9805732
64.052245,3.1990124
64.063855,3.1517604
64.075465,3.1554396
64.087075,2.7500201
64.098685,2.6962329
64.110295,3.0085172
64.121905,2.6672905
64.133515,3.0321479
64.145125,3.627173
64.156735,3.8838316
64.168345,4.2903073
64.179955,3.6784532
64.191565,3.551063
64.203175,4.0814115
64.214785,4.2914581
64.226395,4.4809237
64.238005,3.6648433
64.249615,3.6501711
64.261224,3.9406514
64.272834,3.8827204
64.284444,3.4894112
64.296054,3.0467486
64.307664,2.8561341
64.319274,5.2768523
64.330884,10.691169
64.342494,12.503572
64.354104,11.856143
64.365714,11.066364
64.377324,10.737731
64.388934,11.22006
64.400544,10.485686
64.412154,10.294523
64.423764,10.388832
64.435374,9.645541
64.446984,9.9257817
64.458594,9.9625064
64.470204,9.3905958
64.481814,9.2966582
64.493424,8.9901509
64.505034,8.3750865
64.516644,8.3866605
64.528254,8.059939
64.539864,7.2203826
64.551474,7.6191843
64.563084,7.1529547
64.574694,6.5208687
64.586304,5.0346716
64.597914,7.5293186
64.609524,10.930269
64.621134,9.7279528
64.632744,7.8120489
64.644354,10.915509
64.655964,7.7201847
64.667574,7.615706
64.679184,9.8392931
64.690794,6.0994665
64.702404,6.657763
64.714014,7.6733317
64.725624,5.0816902
64.737234,5.4268781
64.748844,6.9584407
64.760454,4.7569658
64.772063,5.4474917
64.783673,6.6938204
64.795283,4.6689864
64.806893,5.4859707
64.818503,4.6222286
64.830113,3.7161425
64.841723,4.5540411
64.853333,4.2571749
64.864943,3.5146832
64.876553,3.7065331
64.888163,4.4765694
64.899773,3.5968894
64.911383,3.3712484
64.922993,3.9867835
64.934603,4.4359783
64.946213,3.877508
64.957823,3.681905
64.969433,3.9565645
64.981043,2.6909801
64.992653,3.7981675
65.004263,3.1298447
65.015873,3.2805577
65.027483,4.3084426
65.039093,7.521523
65.050703,10.133039
65.062313,10.626051
65.073923,10.335598
65.085533,8.8568571
65.097143,8.0167146
65.108753,8.17685
65.120363,8.1122577
65.131973,7.3392466
65.143583,6.9723513
65.155193,7.2581207
65.166803,7.1307679
65.178413,6.378957
65.190023,5.3656576
65.201633,5.1533395
65.213243,5.2550018
65.224853,6.0205364
65.236463,6.1274904
65.248073,5.839459
65.259683,5.3548298
65.271293,3.7187721
65.282902,3.6478711
65.294512,5.3403554
65.306122,6.8127001
65.317732,9.7195479
65.329342,11.072041
65.340952,10.65961
65.352562,10.728975
65.364172,10.214447
65.375782,8.9248669
65.387392,8.2640023
65.399002,7.6923375
65.410612,7.7504518
65.422222,7.6989433
65.433832,7.4264573
65.445442,10.391341
65.457052,7.2967399
65.468662,7.1499318
65.480272,8.6484138
65.491882,3.9004987
65.503492,8.1177199
65.515102,6.2750055
65.526712,5.4984483
65.538322,6.4344689
65.549932,2.7998051
65.561542,5.2281934
65.573152,7.8407626
65.584762,8.5213495
65.596372,10.527047
65.607982,8.5511713
65.619592,7.9376708
65.631202,8.4493443
65.642812,6.7261461
65.654422,8.0054637
65.666032,5.689533
65.677642,6.1496061
65.689252,6.0572142
65.700862,7.6618579
65.712472,6.162379
65.724082,4.5973206
65.735692,5.0892423
65.747302,4.7267956
65.758912,4.4752537
65.770522,4.3704918
65.782132,4.0013576
65.793741,3.8745106
65.805351,3.794838
65.816961,3.4812296
65.828571,2.8225033
65.840181,2.6694448
65.851791,4.5952294
65.863401,5.6216555
65.875011,5.3489266
65.886621,5.407067
65.898231,4.8588829
65.909841,5.0267491
65.921451,5.1169008
65.933061,4.316992
65.944671,3.5880117
65.956281,5.0401521
65.967891,4.8029152
65.979501,5.0363988
65.991111,4.9230411
66.002721,4.7818522
66.014331,4.2308772
66.025941,3.9149212
66.037551,3.6061878
66.049161,3.5915527
66.060771,3.588691
66.072381,3.5157308
66.083991,3.28406
66.095601,3.9122255
66.107211,3.8731081
66.118821,4.8596003
66.130431,5.0407798
66.142041,4.2407893
66.153651,4.795084
66.165261,3.7791489
66.176871,4.3326391
66.188481,4.6484855
66.200091,5.315748
66.211701,6.5321337
66.223311,5.7104891
66.234921,6.1105362
66.246531,4.5015558
66.258141,4.7103831
66.269751,4.509208
66.281361,4.672713
66.292971,4.9705549
66.30458,4.4274314
66.31619,6.4141563
66.3278,9.3223091
66.33941,9.6295448
66.35102,9.3362614
66.36263,8.6818235
66.37424,7.9975291
66.38585,7.3115947
66.39746,7.0001841
66.40907,6.6216738
66.42068,6.7973785
66.43229,5.9660587
66.4439,6.2920765
66.45551,7.4396109
66.46712,6.3930632
66.47873,6.11997
66.49034,5.5897628
66.50195,6.1203766
66.51356,5.3806239
66.52517,4.8179106
66.53678,4.1903675
66.54839,4.4180934
66.56,3.9671693
66.57161,3.1402151
66.58322,2.5934584
66.59483,3.6136248
66.60644,2.8706881
66.61805,2.6343439
66.62966,3.1304819
66.64127,2.8200682
66.65288,2.5566506
66.66449,2.8013682
66.6761,2.6046224
66.68771,2.810036
66.69932,2.5702964
66.71093,2.4553492
66.72254,2.6240963
66.73415,2.3690061
66.74576,1.6597778
66.75737,3.2656786
66.76898,3.8124382
66.78059,3.7727721
66.7922,5.3078845
66.80381,4.7765827
66.81542,4.3422055
66.827029,5.1870625
66.838639,3.8855857
66.850249,5.0808717
66.861859,3.4693486
66.873469,4.7385912
66.885079,3.8775901
66.896689,4.3227892
66.908299,3.8968344
66.919909,3.0864458
66.931519,4.0615616
66.943129,4.6880259
66.954739,8.1898929
66.966349,11.066544
66.977959,10.615241
66.989569,9.764669
67.001179,9.4381855
67.012789,9.0381298
67.024399,8.5983157
67.036009,8.080201
67.047619,7.6959005
67.059229,7.7866807
67.070839,7.1166801
67.082449,6.5865187
67.094059,6.603609
67.105669,6.0073059
67.117279,5.7411035
67.128889,5.3424895
67.140499,5.5149823
67.152109,5.2097887
67.163719,4.5939062
67.175329,4.5904152
67.186939,4.3197212
67.198549,4.4768995
67.210159,3.8541494
67.221769,3.8774282
67.233379,4.2111603
67.244989,3.8617925
67.256599,3.658532
67.268209,3.5776988
67.279819,4.0917662
67.291429,3.4995768
67.303039,3.298384
67.314649,3.4499211
67.326259,3.1279035
67.337868,2.9010671
67.349478,2.3316382
67.361088,2.9899429
67.372698,5.4820758
67.384308,6.0977607
67.395918,5.2945864
67.407528,5.5502485
67.419138,5.2081272
67.430748,5.17386
67.442358,4.9933599
67.453968,4.3719658
67.465578,4.1836644
67.477188,4.4476194
67.488798,4.5727537
67.500408,4.5166143
67.512018,3.9820672
67.523628,4.0993785
67.535238,4.0318581
67.546848,3.8939046
67.558458,3.6519158
67.570068,3.5701511
67.581678,3.6552424
67.593288,3.2654836
67.604898,3.0959721
67.616508,3.0007311
67.628118,3.0217691
67.639728,3.0149962
67.651338,3.1799194
67.662948,3.0202691
67.674558,2.9015229
67.686168,2.6222316
67.697778,2.6553219
67.709388,2.5739159
67.720998,2.5889712
67.732608,2.264253
67.744218,2.1838909
67.755828,2.1104827
67.767438,2.1282749
67.779048,2.1919964
67.790658,2.2682788
67.802268,2.2513919
67.813878,1.9690141
67.825488,1.7246793
67.837098,1.5396313
67.848707,1.5849044
67.860317,1.5375676
67.871927,1.4903654
67.883537,1.534087
67.895147,1.5337502
67.906757,1.4470749
67.918367,1.4276485
67.929977,1.3708428
67.941587,1.3865042
67.953197,1.4157488
67.964807,1.4197868
67.976417,1.3029044
67.988027,1.2303572
67.999637,1.1689697
68.011247,1.098109
68.022857,1.2781144
68.034467,1.1886635
68.046077,1.5296463
68.057687,2.330071
68.069297,3.2495102
68.080907,2.5536362
68.092517,2.1482348
68.104127,2.1239579
68.115737,2.2213507
68.127347,1.8510781
68.138957,1.9483267
68.150567,2.2246382
68.162177,2.007309
68.173787,1.7762295
68.185397,2.2532213
68.197007,2.287289
68.208617,1.7017036
68.220227,1.8661919
68.231837,2.1592474
68.243447,2.0837696
68.255057,1.9302796
68.266667,2.0956059
68.278277,1.8672532
68.289887,1.5576431
68.301497,2.0210861
68.313107,2.1742427
68.324717,1.5880854
68.336327,1.4342017
68.347937,2.1083396
68.359546,2.1368849
68.371156,1.5567235
68.382766,1.4494797
68.394376,1.8793098
68.405986,1.9090539
68.417596,1.6398952
68.429206,1.6307432
68.440816,1.7454533
68.452426,1.597029
68.464036,1.7075534
68.475646,1.983069
68.487256,1.850919
68.498866,1.3992297
68.510476,1.6796205
68.522086,2.0447218
68.533696,1.8803984
68.545306,1.5084946
68.556916,1.6554663
68.568526,1.9374697
68.580136,1.6590939
68.591746,1.7376903
68.603356,2.0257092
68.614966,2.279415
68.626576,2.2383252
68.638186,1.7583316
68.649796,1.7041213
68.661406,2.1578143
68.673016,2.0697778
68.684626,1.7414352
68.696236,1.6683567
68.707846,1.8447516
68.719456,1.746691
68.731066,1.6175289
68.742676,1.9753486
68.754286,1.8719082
68.765896,1.5948107
68.777506,1.8155427
68.789116,1.9939555
68.800726,1.5880426
68.812336,1.5575549
68.823946,1.8110672
68.835556,1.855953
68.847166,1.6436389
68.858776,1.5845848
68.870385,1.8522548
68.881995,1.4981284
68.893605,1.3321397
68.905215,1.8040262
68.916825,1.7620574
68.928435,1.4703032
68.940045,1.4493728
68.951655,1.8457404
68.963265,1.6764706
68.974875,1.2713368
68.986485,1.6139808
68.998095,1.626906
69.009705,1.4513573
69.021315,1.2921363
69.032925,1.5266469
69.044535,1.4819078
69.056145,1.2354487
69.067755,1.3088457
69.079365,1.5660082
69.090975,1.4096982
69.102585,1.2180119
69.114195,1.3059307
69.125805,1.3814587
69.137415,1.2710534
69.149025,1.2609198
69.160635,1.3195428
69.172245,1.235762
69.183855,1.1735179
69.195465,1.2885329
69.207075,1.3018484
69.218685,1.109801
69.230295,1.1589229
69.241905,1.254993
69.253515,1.2627852
69.265125,1.105221
69.276735,1.4044437
69.288345,2.1427474
69.299955,1.7552467
69.311565,2.3188138
69.323175,2.248213
69.334785,2.1130068
69.346395,2.2285239
69.358005,1.9895597
69.369615,2.0792694
69.381224,1.9727006
69.392834,1.833814
69.404444,1.8366932
69.416054,1.5919297
69.427664,1.5698895
69.439274,1.4814313
69.450884,1.5256553
69.462494,1.4797049
69.474104,1.3032499
69.485714,1.8386887
69.497324,1.3980107
69.508934,1.5573184
69.520544,1.3605651
69.532154,1.4745406
69.543764,1.5163555
69.555374,1.5765972
69.566984,1.7494187
69.578594,1.7413195
69.590204,1.7120946
69.601814,1.7265325
69.613424,1.6409435
69.625034,1.511928
69.636644,1.5029878
69.648254,1.4731643
69.659864,1.5713345
69.671474,1.3137606
69.683084,1.3737315
69.694694,1.2959447
69.706304,1.1071156
69.717914,1.2547405
69.729524,1.1531702
69.741134,1.2826708
69.752744,1.2776113
69.764354,1.2344627
69.775964,1.2433963
69.787574,1.270807
69.799184,1.1324814
69.810794,1.1635578
69.822404,1.1193646
69.834014,1.2285485
69.845624,1.1193027
69.857234,1.2916918
69.868844,1.1115859
69.880454,1.1093501
69.892063,0.99251819
69.903673,1.0413414
69.915283,1.1237009
69.926893,1.0177283
69.938503,1.1881034
69.950113,1.0472509
69.961723,1.0641578
69.973333,1.0097224
69.984943,0.99483477
69.996553,0.90276724
70.008163,1.8621803
70.019773,2.5727986
70.031383,2.4929707
70.042993,3.3127863
70.054603,3.6268135
70.066213,3.4902398
70.077823,4.1056429
70.089433,3.9446881
70.101043,3.3791249
70.112653,3.5574746
70.124263,3.6155487
70.135873,5.6344839
70.147483,7.2201848
70.159093,5.6449307
70.170703,4.7188752
70.182313,5.8532209
70.193923,4.7601002
70.205533,4.6036063
70.217143,4.5530807
70.228753,5.0350725
70.240363,5.0410781
70.251973,4.3218996
70.263583,4.0912256
70.275193,4.3048987
70.286803,4.7363395
70.298413,4.5870766
70.310023,4.0747349
70.321633,3.940632
70.333243,3.8085761
70.344853,3.864884
70.356463,3.6783604
70.368073,3.2130692
70.379683,2.7362437
70.391293,3.0110638
70.402902,3.1682918
70.414512,3.1439691
70.426122,3.0145677
70.437732,2.9506576
70.449342,2.6567046
70.460952,2.717107
70.472562,2.8626768
70.484172,2.6937758
70.495782,2.1233102
70.507392,2.3575546
70.519002,2.3718221
70.530612,2.465697
70.542222,2.4157237
70.553832,2.2557997
70.565442,2.0173434
70.577052,2.128612
70.588662,2.1447198
70.600272,2.3237335
70.611882,2.1438733
70.623492,2.0106456
70.635102,1.8784897
70.646712,2.0313808
70.658322,2.1021353
70.669932,2.0394381
70.681542,2.0193547
70.693152,2.0087605
70.704762,1.9690171
70.716372,1.8114893
70.727982,1.7807828
70.739592,1.7663863
70.751202,1.701278
70.762812,1.7632659
70.774422,1.7593149
70.786032,1.7488878
70.797642,1.6585669
70.809252,1.6063998
70.820862,1.5536007
70.832472,1.4911453
70.844082,1.5842942
70.855692,1.5103896
70.867302,1.483825
70.878912,1.4563544
70.890522,1.3628689
70.902132,2.2878563
70.913741,2.3546746
70.925351,2.4168863
70.936961,2.4900695
70.948571,2.2655452
70.960181,1.938767
70.971791,2.2700166
70.983401,2.3575346
70.995011,2.297339
71.006621,2.5153103
71.018231,2.4053065
71.029841,2.1218255
71.041451,2.2448625
71.053061,2.1268586
71.064671,1.6466092
71.076281,1.5658707
71.087891,1.6901411
71.099501,1.6035227
71.111111,1.7642339
71.122721,2.1170254
71.134331,2.0643059
71.145941,1.8476616
71.157551,1.9524489
71.169161,1.7484939
71.180771,1.5290115
71.192381,1.5773458
71.203991,1.3320573
71.215601,1.1757286
71.227211,1.2550952
71.238821,1.3562039
71.250431,1.4349085
71.262041,1.4616793
71.273651,1.6394151
71.285261,1.4769346
71.296871,1.4864658
71.308481,1.4548269
71.320091,1.166748
71.331701,1.1012834
71.343311,0.93862155
71.354921,1.1055169
71.366531,1.1390242
71.378141,1.1885506
71.389751,1.3649595
71.401361,1.3162525
71.412971,1.430226
71.42458,1.3745542
71.43619,1.4255159
71.4478,1.2145544
71.45941,1.2503957
71.47102,1.1143671
71.48263,1.114502
71.49424,1.3440065
71.50585,1.1525578
71.51746,1.3245479
71.52907,1.2601404
71.54068,1.4111333
71.55229,1.9101186
71.5639,1.7567677
71.57551,2.1612408
71.58712,1.6042781
71.59873,1.7299131
71.61034,1.6553728
71.62195,1.4655693
71.63356,1.3435633
71.64517,1.2856284
71.65678,1.3166332
71.66839,1.4570702
71.68,1.5159281
71.69161,2.4451736
71.70322,3.3302765
71.71483,4.322792
71.72644,3.8536227
71.73805,4.3761062
71.74966,3.6986198
71.76127,4.1473942
71.77288,3.6470483
71.78449,3.7888874
71.7961,3.6674103
71.80771,3.5764095
71.81932,3.814958
71.83093,3.4309777
71.84254,3.7181503
71.85415,3.3951685
71.86576,3.4592205
71.87737,3.5008056
71.88898,3.8258097
71.90059,3.6485482
71.9122,3.2580628
71.92381,3.3024924
71.93542,3.1199783
71.947029,3.1852578
71.958639,3.0919267
71.970249,2.9602739
71.981859,3.051873
71.993469,2.7518176
72.005079,2.9847945
72.016689,2.540949
72.028299,2.9875387
72.039909,4.5564436
72.051519,3.9647362
72.063129,3.6711507
72.074739,4.1262044
72.086349,3.5074451
72.097959,3.9360376
72.109569,2.7531
72.121179,3.2286258
72.132789,2.1454414
72.144399,2.8457969
72.156009,2.8292059
72.167619,3.0387962
72.179229,4.0252161
72.190839,3.4318442
72.202449,3.0337192
72.214059,3.2180025
72.225669,2.1911274
72.237279,2.6222917
72.248889,2.0326065
72.260499,2.9723868
72.272109,2.7511372
72.283719,2.3464273
72.295329,4.2548604
72.306939,4.6318538
72.318549,3.9125838
72.330159,4.3455533
72.341769,3.0825333
72.353379,3.9341649
72.364989,3.1368891
72.376599,3.8627224
72.388209,3.2020971
72.399819,4.1675838
72.411429,3.1890239
72.423039,3.6690097
72.434649,3.0476484
72.446259,3.7610785
72.457868,3.055501
72.469478,3.3303473
72.481088,4.1960231
72.492698,6.249414
72.504308,6.6828171
72.515918,5.9437785
72.527528,6.435242
72.539138,5.5214729
72.550748,6.097787
72.562358,4.6529585
72.573968,4.8978168
72.585578,4.1478112
72.597188,4.2391747
72.608798,5.7737075
72.620408,7.620561
72.632018,7.7235911
72.643628,6.8023941
72.655238,6.7542544
72.666848,6.4456998
72.678458,6.1454132
72.690068,5.8923111
72.701678,5.1309777
72.713288,5.09979
72.724898,5.2701646
72.736508,5.0586277
72.748118,4.7294987
72.759728,4.3715415
72.771338,4.2876263
72.782948,3.9843034
72.794558,3.6746061
72.806168,3.645843
72.817778,3.7582551
72.829388,3.6583565
72.840998,3.254686
72.852608,3.1358233
72.864218,2.8993617
72.875828,3.0010914
72.887438,3.3157543
72.899048,3.2564305
72.910658,2.7967835
72.922268,2.744296
72.933878,3.0873196
72.945488,2.6447342
72.957098,2.4958342
72.968707,2.7308535
72.980317,2.5871834
72.991927,2.3010871
73.003537,1.8212191
73.015147,1.8119543
73.026757,2.1608345
73.038367,2.0982121
73.049977,1.7529594
73.061587,2.0580477
73.073197,2.1434908
73.084807,1.7377851
73.096417,1.4858932
73.108027,1.6284091
73.119637,1.8196003
73.131247,1.7444424
73.142857,1.4847891
73.154467,1.3946879
73.166077,1.5034024
73.177687,1.424648
73.189297,1.2722203
73.200907,1.3253593
73.212517,1.5140739
73.224127,1.4830721
73.235737,1.4100383
73.247347,1.1451557
73.258957,1.1054358
73.270567,1.3894611
73.282177,1.3732969
73.293787,1.1643821
73.305397,1.410498
73.317007,1.4639234
73.328617,1.2148703
73.340227,1.0034873
73.351837,1.0485781
73.363447,1.3560683
73.375057,1.3480289
73.386667,1.7570081
73.398277,1.6138109
73.409887,2.0988915
73.421497,1.4957885
73.433107,1.9236193
73.444717,1.7262071
73.456327,1.2227224
73.467937,1.7440834
73.479546,1.53075
73.491156,1.2825648
73.502766,1.7788039
73.514376,1.1307794
73.525986,1.3271224
73.537596,1.7982797
73.549206,1.2280812
73.560816,1.6180285
73.572426,1.7628603
73.584036,1.2415716
73.595646,1.6413406
73.607256,1.5879043
73.618866,0.91205795
73.630476,1.5714517
73.642086,1.5691267
73.653696,1.0618248
73.665306,1.6832392
73.676916,1.0765752
73.688526,1.1829457
73.700136,1.6499652
73.711746,0.93691779
73.723356,1.5594439
73.734966,1.510632
73.746576,0.9632277
73.758186,1.4562781
73.769796,1.3332896
73.781406,1.0359268
73.793016,1.2972931
73.804626,1.1869793
73.816236,1.1907899
73.827846,1.2562399
73.839456,0.90999964
73.851066,0.87360397
73.862676,1.1754235
73.874286,1.116255
73.885896,0.91913889
73.897506,1.2555347
73.909116,0.67634513
73.920726,0.97523363
73.932336,1.013334
73.943946,0.69030306
73.955556,1.0882008
73.967166,1.0051905
73.978776,0.96962439
73.990385,1.0621738
74.001995,0.71972765
74.013605,0.88031707
74.025215,0.90647865
74.036825,0.69213628
74.048435,0.92072974
74.060045,1.1846765
74.071655,1.4478638
74.083265,2.2673528
74.094875,2.0019145
74.106485,1.7954333
74.118095,1.9226952
74.129705,1.3006415
74.141315,1.2643278
74.152925,1.1260824
74.164535,3.7529147
74.176145,3.8430107
74.187755,2.0812157
74.199365,2.6999366
74.210975,2.7139302
74.222585,2.545205
74.234195,2.7077613
74.245805,2.5760927
74.257415,2.4555205
74.269025,2.1690292
74.280635,1.9348998
74.292245,1.829582
74.303855,1.7859401
74.315465,1.5783304
74.327075,1.5381222
74.338685,1.4804632
74.350295,1.5650783
74.361905,1.5921652
74.373515,1.5151021
74.385125,1.4385103
74.396735,1.3814973
74.408345,1.3620341
74.419955,1.3112518
74.431565,1.2284555
74.443175,1.1194326
74.454785,1.076813
74.466395,0.97314097
74.478005,1.0714737
74.489615,0.99981931
74.501224,0.93209234
74.512834,0.91930309
74.524444,0.91076457
74.536054,0.88000191
74.547664,0.84583078
74.559274,0.75894164
74.570884,0.74257622
74.582494,0.680236
74.594104,0.66498635
74.605714,0.67515998
74.617324,0.7321956
74.628934,0.70528949
74.640544,0.77035929
74.652154,0.76620037
74.663764,0.82318837
74.675374,0.79159949
74.686984,0.82238016
74.698594,0.79713468
74.710204,0.76641407
74.721814,0.75123047
74.733424,0.73643846
74.745034,0.70056116
74.756644,0.58999364
74.768254,0.57063578
74.779864,1.3879333
74.791474,3.940929
74.803084,2.2429444
74.814694,2.544185
74.826304,2.6144334
74.837914,2.2567215
74.849524,2.1770031
74.861134,2.1989617
74.872744,1.9981662
74.884354,1.9749225
74.895964,3.5324245
74.907574,2.4804728
74.919184,3.0473318
74.930794,6.505219
74.942404,5.0073995
74.954014,5.2154752
74.965624,4.1829701
74.977234,4.3591057
74.988844,4.8323766
75.000454,4.1711007
75.012063,4.6363101
75.023673,4.505024
75.035283,3.6077995
75.046893,3.5501258
75.058503,3.1490172
75.070113,2.9421538
75.081723,2.3430829
75.093333,2.7189178
75.104943,2.5042065
75.116553,2.3594841
75.128163,2.1613796
75.139773,2.2090755
75.151383,2.0841667
75.162993,2.2916725
75.174603,2.0723089
75.186213,2.1680894
75.197823,2.2065352
75.209433,2.2075549
75.221043,2.2414086
75.232653,2.0745316
75.244263,2.0568855
75.255873,2.0990655
75.267483,2.1693383
75.279093,2.0548995
75.290703,1.8853754
75.302313,1.9095026
75.313923,1.8784269
75.325533,2.0358318
75.337143,2.0357728
75.348753,1.8256785
75.360363,1.9728878
75.371973,1.7118525
75.383583,1.6268531
75.395193,1.724264
75.406803,1.8062381
75.418413,1.8055999
75.430023,1.700167
75.441633,1.7279333
75.453243,1.6952137
75.464853,1.657328
75.476463,1.4631003
75.488073,1.423207
75.499683,1.4818396
75.511293,1.1192624
75.522902,1.5793741
75.534512,1.2372763
75.546122,1.5822703
75.557732,1.269606
75.569342,1.7041186
75.580952,1.9532941
75.592562,1.800237
75.604172,1.8330829
75.615782,2.2402258
75.627392,1.4517113
75.639002,1.6846836
75.650612,2.556439
75.662222,2.3353544
75.673832,2.6329935
75.685442,2.5997598
75.697052,2.2735103
75.708662,2.6070601
75.720272,2.2734559
75.731882,2.6206839
75.743492,2.7118377
75.755102,2.4096818
75.766712,2.5583739
75.778322,2.0493069
75.789932,2.3821876
75.801542,1.9392169
75.813152,2.2896018
75.824762,1.9673705
75.836372,2.0383591
75.847982,2.3590423
75.859592,1.8763238
75.871202,2.0137247
75.882812,1.9382797
75.894422,1.9601907
75.906032,1.8753932
75.917642,1.856055
75.929252,1.7061897
75.940862,1.5745234
75.952472,1.9151705
75.964082,1.4837539
75.975692,1.7404834
75.987302,1.523039
75.998912,1.6157563
76.010522,1.4359313
76.022132,1.3303869
76.033741,1.6012797
76.045351,1.1789681
76.056961,1.5012437
76.068571,1.0437427
76.080181,1.3638764
76.091791,1.2756504
76.103401,1.3133382
76.115011,1.4409513
76.126621,1.1584493
76.138231,1.5289752
76.149841,1.2961637
76.161451,1.6114222
76.173061,1.446507
76.184671,1.5284289
76.196281,1.5369822
76.207891,1.2872644
76.219501,1.4980124
76.231111,1.027048
76.242721,1.4136111
76.254331,1.2681834
76.265941,1.4716199
76.277551,1.5180146
76.289161,1.6054607
76.300771,1.7966816
76.312381,1.6052204
76.323991,1.7750389
76.335601,1.6284893
76.347211,1.7275581
76.358821,1.6085859
76.370431,1.4840512
76.382041,2.1862878
76.393651,2.9047571
76.405261,1.9415361
76.416871,1.7669113
76.428481,2.1293853
76.440091,2.5375376
76.451701,1.7018703
76.463311,1.6201283
76.474921,2.3854736
76.486531,2.0162831
76.498141,1.4653406
76.509751,2.0590238
76.521361,2.3422893
76.532971,1.4958558
76.54458,1.4794177
76.55619,1.8809558
76.5678,1.6495736
76.57941,1.4259706
76.59102,1.7361778
76.60263,2.0109026
76.61424,1.6378232
76.62585,1.6342412
76.63746,1.8572745
76.64907,1.734765
76.66068,1.4662499
76.67229,1.8639291
76.6839,1.8447584
76.69551,1.4654627
76.70712,1.6766403
76.71873,1.8601573
76.73034,1.4748697
76.74195,1.3853591
76.75356,1.698156
76.76517,1.6571871
76.77678,1.3447467
76.78839,1.6761311
76.8,1.6768043
76.81161,1.3859613
76.82322,1.52986
76.83483,1.6589872
76.84644,1.4356474
76.85805,1.4291767
76.86966,1.6719018
76.88127,1.5796702
76.89288,1.4153052
76.90449,1.6643014
76.9161,1.6883715
76.92771,1.4345921
76.93932,1.4879943
76.95093,1.6463362
76.96254,1.4670074
76.97415,1.282776
76.98576,1.609186
76.99737,1.4768115
77.00898,1.1386907
77.02059,1.3795346
77.0322,1.5200917
77.04381,1.3250371
77.05542,1.2606673
77.067029,1.4653174
77.078639,1.3523241
77.090249,1.2052742
77.101859,1.3368957
77.113469,1.3555044
77.125079,1.1769536
77.136689,1.1476992
77.148299,1.2981599
77.159909,1.2048786
77.171519,1.1221943
77.183129,1.3389064
77.194739,1.2218843
77.206349,1.080522
77.217959,1.2266824
77.229569,1.2512234
77.241179,1.1234309
77.252789,1.182587
77.264399,1.2523079
77.276009,1.4241549
77.287619,1.7684922
77.299229,1.8615558
77.310839,2.1306427
77.322449,2.0113328
77.334059,2.0037738
77.345669,1.8679398
77.357279,2.0016676
77.368889,2.0820024
77.380499,2.2539541
77.392109,1.6117622
77.403719,1.6739448
77.415329,1.5800851
77.426939,2.1075434
77.438549,1.9232018
77.450159,2.0512769
77.461769,1.3015297
77.473379,1.6089463
77.484989,1.7099845
77.496599,1.925735
77.508209,1.4819988
77.519819,1.771407
77.531429,1.5509573
77.543039,1.8573319
77.554649,1.5991699
77.566259,1.4508777
77.577868,1.1222961
77.589478,1.7143909
77.601088,1.7687475
77.612698,1.8052711
77.624308,1.5914548
77.635918,1.1147732
77.647528,1.2154611
77.659138,1.4170432
77.670748,1.221732
77.682358,1.3249795
77.693968,1.5416002
77.705578,1.4722988
77.717188,1.5925853
77.728798,1.5161096
77.740408,1.2506487
77.752018,1.3682446
77.763628,1.4325791
77.775238,1.3670293
77.786848,1.6711947
77.798458,1.3279612
77.810068,1.2769976
77.821678,1.2725717
77.833288,1.2659087
77.844898,1.2627063
77.856508,1.3903065
77.868118,1.1331753
77.879728,1.3273923
77.891338,1.2290063
77.902948,1.0998601
77.914558,1.0119774
77.926168,1.1275891
77.937778,0.93126137
77.949388,1.3786993
77.960998,1.2237783
77.972608,1.1485723
77.984218,0.9001875
77.995828,0.97876399
78.007438,1.0148962
78.019048,1.2517886
78.030658,1.1932416
78.042268,1.1095613
78.053878,1.0907705
78.065488,0.93196548
78.077098,1.0873607
78.088707,2.4372778
78.100317,3.9129485
78.111927,3.0280284
78.123537,2.5355261
78.135147,2.4101346
78.146757,2.6257571
78.158367,2.3770369
78.169977,2.5142306
78.181587,2.204756
78.193197,2.1130597
78.204807,2.144236
78.216417,2.3605681
78.228027,2.2246858
78.239637,1.9185426
78.251247,1.8430537
78.262857,1.8962004
78.274467,2.2435083
78.286077,2.2174921
78.297687,2.0461988
78.309297,1.6971578
78.320907,1.827329
78.332517,2.3482706
78.344127,2.24235
78.355737,1.8856594
78.367347,1.6276026
78.378957,2.0718581
78.390567,2.2559966
78.402177,2.1048152
78.413787,1.9989114
78.425397,1.7063491
78.437007,1.7113118
78.448617,2.0290064
78.460227,2.0140978
78.471837,1.7349353
78.483447,1.4959001
78.495057,1.5353737
78.506667,1.6755283
78.518277,1.6133567
78.529887,1.6596386
78.541497,1.4266
78.553107,1.2261189
78.564717,1.4909141
78.576327,1.7748636
78.587937,1.4896711
78.599546,1.2618684
78.611156,1.2459869
78.622766,1.3979042
78.634376,1.4565025
78.645986,1.5071258
78.657596,1.3711537
78.669206,1.1369202
78.680816,1.2413873
78.692426,1.6589167
78.704036,1.5817909
78.715646,1.3151087
78.727256,1.205036
78.738866,1.3792458
78.750476,1.4310208
78.762086,1.4371042
78.773696,1.4071162
78.785306,1.1355732
78.796916,1.1567221
78.808526,1.3675031
78.820136,1.4628304
78.831746,1.2178359
78.843356,1.1792348
78.854966,1.2247785
78.866576,1.3054881
78.878186,1.3444307
78.889796,1.4529437
78.901406,1.3548188
78.913016,1.2321884
78.924626,1.3680287
78.936236,1.4634336
78.947846,1.3856136
78.959456,1.4124086
78.971066,3.3115894
78.982676,4.8334044
78.994286,5.3090493
79.005896,5.0637525
79.017506,4.4428721
79.029116,4.3717449
79.040726,4.1955599
79.052336,4.3110526
79.063946,3.9350591
79.075556,4.3062114
79.087166,3.9041317
79.098776,3.9185462
79.110385,3.7342699
79.121995,3.8399083
79.133605,3.6454243
79.145215,3.5052009
79.156825,3.2314345
79.168435,3.3134901
79.180045,2.909637
79.191655,3.1909164
79.203265,2.6112506
79.214875,2.9205787
79.226485,2.4156106
79.238095,2.7272351
79.249705,2.3770243
79.261315,2.6320608
79.272925,2.5732657
79.284535,2.5041498
79.296145,2.3677599
79.307755,2.1963616
79.319365,2.2025887
79.330975,1.9423574
79.342585,1.8955977
79.354195,1.7300712
79.365805,1.5979046
79.377415,1.6586865
79.389025,1.4121042
79.400635,1.3947686
79.412245,1.3734244
79.423855,1.1301903
79.435465,1.3893389
79.447075,0.94782748
79.458685,1.3518349
79.470295,0.94519562
79.481905,1.2896248
79.493515,1.0044673
79.505125,1.1357782
79.516735,0.99506946
79.528345,0.99166652
79.539955,1.062005
79.551565,0.9730148
79.563175,1.101714
79.574785,0.80121293
79.586395,1.1371382
79.598005,0.73469222
79.609615,1.2120243
79.621224,0.80982278
79.632834,1.2011349
79.644444,0.87157858
79.656054,1.1146267
79.667664,0.94941744
79.679274,1.0401757
79.690884,0.95598703
79.702494,0.97294312
79.714104,0.93169369
79.725714,0.88064286
79.737324,0.97831492
79.748934,2.720711
79.760544,6.8550806
79.772154,7.6204407
79.783764,6.4146355
79.795374,5.5885033
79.806984,6.064315
79.818594,5.5887385
79.830204,5.3205922
79.841814,5.1917752
79.853424,4.7605207
79.865034,5.0692915
79.876644,4.7452304
79.888254,4.9035892
79.899864,4.5680834
79.911474,4.2865668
79.923084,4.497997
79.934694,4.1092523
79.946304,4.2531912
79.957914,3.864916
79.969524,3.882976
79.981134,3.6500635
79.992744,3.718847
80.004354,3.6552227
80.015964,4.0026533
80.027574,6.5691742
80.039184,10.885549
80.050794,10.975066
80.062404,10.995811
80.074014,9.8424983
80.085624,10.49975
80.097234,9.6488668
80.108844,10.045746
80.120454,9.175118
80.132063,9.4512613
80.143673,8.4818871
80.155283,9.4835341
80.166893,8.4815959
80.178503,8.8084351
80.190113,7.7353585
80.201723,8.4668467
80.213333,8.697646
80.224943,9.3680747
80.236553,11.79106
80.248163,10.578802
80.259773,11.737873
80.271383,12.146592
80.282993,11.728956
80.294603,12.040311
80.306213,10.88203
80.317823,10.004441
80.329433,8.4268241
80.341043,7.3925414
80.352653,7.2304501
80.364263,7.0773407
80.375873,7.645311
80.387483,8.3560295
80.399093,12.470568
80.410703,13.81081
80.422313,13.708422
80.433923,13.360756
80.445533,12.647026
80.457143,11.994022
80.468753,10.494592
80.480363,9.8553668
80.491973,9.3410831
80.503583,9.6970911
80.515193,10.613026
80.526803,10.994138
80.538413,10.861901
80.550023,10.643696
80.561633,10.028737
80.573243,9.0732616
80.584853,7.9440044
80.596463,7.2139059
80.608073,6.7528654
80.619683,7.2343618
80.631293,7.4714559
80.642902,7.551711
80.654512,7.5791588
80.666122,7.4989614
80.677732,7.0658873
80.689342,7.5908857
80.700952,10.751142
80.712562,13.221503
80.724172,12.802738
80.735782,12.2856
80.747392,11.700811
80.759002,10.867782
80.770612,11.06613
80.782222,13.616534
80.793832,13.415476
80.805442,10.904126
80.817052,8.058416
80.828662,6.2360512
80.840272,6.8122829
80.851882,7.6421102
80.863492,6.8038127
80.875102,9.1385171
80.886712,12.750486
80.898322,12.418299
80.909932,11.208264
80.921542,9.8973762
80.933152,9.2294343
80.944762,8.8345528
80.956372,8.3149773
80.967982,8.1978116
80.979592,8.0596779
80.991202,7.8054299
81.002812,7.5478995
81.014422,7.2322511
81.026032,6.9333575
81.037642,6.4216308
81.049252,5.976094
81.060862,5.772737
81.072472,5.0628431
81.084082,3.1422821
81.095692,7.3436032
81.107302,6.7361963
81.118912,7.186537
81.130522,8.405232
81.142132,8.6347338
81.153741,8.0691773
81.165351,7.6315909
81.176961,7.7799786
81.188571,7.1339444
81.200181,6.7322989
81.211791,6.1914126
81.223401,5.097658
81.235011,6.0196301
81.246621,5.6264179
81.258231,4.8674094
81.269841,4.9543569
81.281451,5.1400495
81.293061,5.4039352
81.304671,4.9630036
81.316281,3.9084903
81.327891,4.6227625
81.339501,4.3891978
81.351111,3.1456546
81.362721,3.5056034
81.374331,3.7454165
81.385941,3.6265038
81.397551,3.3178592
81.409161,2.9924354
81.420771,3.6189085
81.432381,3.6686335
81.443991,3.0766199
81.455601,7.5754865
81.467211,7.4955742
81.478821,7.7643973
81.490431,7.6263122
81.502041,7.111981
81.513651,6.5260777
81.525261,6.0231798
81.536871,5.6155169
81.548481,5.4178462
81.560091,5.2928977
81.571701,5.2123899
81.583311,5.1313106
81.594921,3.6729601
81.606531,4.9391208
81.618141,5.0759825
81.629751,4.5682511
81.641361,4.3885619
81.652971,4.8580794
81.66458,4.5383804
81.67619,4.4609763
81.6878,4.9113591
81.69941,4.5504874
81.71102,4.1991794
81.72263,4.5024293
81.73424,4.3073118
81.74585,4.0980755
81.75746,4.3303388
81.76907,3.9640995
81.78068,3.4014486
81.79229,3.2964946
81.8039,2.692105
81.81551,2.6915622
81.82712,2.9895855
81.83873,2.3742877
81.85034,2.4784503
81.86195,2.9610635
81.87356,2.5783908
81.88517,2.8536345
81.89678,2.9488058
81.90839,2.9582227
81.92,3.1507918
81.93161,2.8426274
81.94322,2.7477789
81.95483,2.7044759
81.96644,2.6541408
81.97805,2.6313772
81.98966,2.7717897
82.00127,2.7109362
82.01288,2.8909999
82.02449,2.8813187
82.0361,3.028403
82.04771,2.7631265
82.05932,3.2490012
82.07093,4.0414075
82.08254,2.1440174
82.09415,5.8423972
82.10576,6.6512737
82.11737,6.2460886
82.12898,6.5835411
82.14059,5.915127
82.1522,5.7726418
82.16381,5.790108
82.17542,5.6059283
82.187029,5.9695852
82.198639,7.9557766
82.210249,8.5169651
82.221859,9.595151
82.233469,7.7191422
82.245079,9.0731572
82.256689,7.6983213
82.268299,8.0971868
82.279909,6.4254548
82.291519,5.3244007
82.303129,9.3717635
82.314739,6.5633409
82.326349,8.3486783
82.337959,6.2891576
82.349569,6.9353889
82.361179,6.3649329
82.372789,5.9254619
82.384399,6.8228595
82.396009,4.1817236
82.407619,6.727762
82.419229,3.2901489
82.430839,6.2259109
82.442449,3.8662534
82.454059,7.8716415
82.465669,11.25076
82.477279,9.5259036
82.488889,8.8698224
82.500499,8.7458551
82.512109,8.7452834
82.523719,8.5884273
82.535329,8.0802081
82.546939,7.9456584
82.558549,7.6200316
82.570159,7.054011
82.581769,7.47078
82.593379,6.5281768
82.604989,7.3447244
82.616599,6.9146686
82.628209,7.1946836
82.639819,6.7100677
82.651429,6.6836153
82.663039,6.0627631
82.674649,5.7602573
82.686259,5.5736684
82.697868,5.2966277
82.709478,5.373557
82.721088,4.8625785
82.732698,4.9831237
82.744308,4.7240355
82.755918,4.9753318
82.767528,4.6045024
82.779138,6.1839133
82.790748,11.98085
82.802358,12.915429
82.813968,12.027937
82.825578,12.018365
82.837188,11.586125
82.848798,11.531088
82.860408,11.244516
82.872018,11.316054
82.883628,10.547924
82.895238,10.795445
82.906848,11.028597
82.918458,10.332783
82.930068,13.74463
82.941678,15.812872
82.953288,15.23234
82.964898,14.895773
82.976508,13.157789
82.988118,11.840791
82.999728,10.696574
83.011338,8.8222936
83.022948,8.7825582
83.034558,8.0914353
83.046168,8.1673272
83.057778,8.186714
83.069388,7.5859163
83.080998,9.4895438
83.092608,12.283029
83.104218,12.221359
83.115828,10.524199
83.127438,10.934041
83.139048,10.91438
83.150658,10.829662
83.162268,10.677973
83.173878,10.063613
83.185488,9.8210613
83.197098,9.923941
83.208707,10.067008
83.220317,9.7238379
83.231927,9.6775925
83.243537,9.3603736
83.255147,9.1948239
83.266757,8.9652376
83.278367,8.6855088
83.289977,8.4314641
83.301587,8.0133708
83.313197,8.3276592
83.324807,13.275075
83.336417,15.020892
83.348027,15.548902
83.359637,13.9294
83.371247,12.973899
83.382857,12.18471
83.394467,9.9050825
83.406077,12.845263
83.417687,13.09882
83.429297,11.815017
83.440907,11.000857
83.452517,8.398234
83.464127,7.1351453
83.475737,8.3809054
83.487347,10.557366
83.498957,12.554932
83.510567,10.8392
83.522177,10.075566
83.533787,8.4578876
83.545397,9.7646069
83.557007,10.350407
83.568617,10.117322
83.580227,9.4569856
83.591837,8.2085076
83.603447,6.798445
83.615057,7.5619743
83.626667,12.110923
83.638277,7.6984828
83.649887,10.700177
83.661497,10.877457
83.673107,6.6537241
83.684717,10.40465
83.696327,6.4860109
83.707937,8.8529642
83.719546,8.7504491
83.731156,4.1560834
83.742766,7.8968961
83.754376,5.5361382
83.765986,6.2721026
83.777596,6.1920402
83.789206,5.3249683
83.800816,7.8584081
83.812426,4.4588085
83.824036,6.2835152
83.835646,6.4555108
83.847256,3.7188857
83.858866,6.5818315
83.870476,4.9632802
83.882086,4.0160957
83.893696,4.2899512
83.905306,3.8332041
83.916916,4.6536667
83.928526,3.4662396
83.940136,5.0691054
83.951746,4.934206
83.963356,6.1731214
83.974966,8.9136334
83.986576,9.6716225
83.998186,9.8611048
84.009796,10.573277
84.021406,9.440719
84.033016,9.2178022
84.044626,9.7217031
84.056236,8.5429307
84.067846,8.6910473
84.079456,7.9865622
84.091066,9.9204941
84.102676,10.393853
84.114286,10.59941
84.125896,10.595048
84.137506,10.284956
84.149116,10.086169
84.160726,9.963522
84.172336,9.791337
84.183946,9.6217989
84.195556,9.3370717
84.207166,9.3587293
84.218776,8.9681604
84.230385,8.6688259
84.241995,8.0865497
84.253605,7.9021338
84.265215,7.7910095
84.276825,7.633761
84.288435,7.3370848
84.300045,7.0305283
84.311655,6.549559
84.323265,6.4538863
84.334875,6.5313329
84.346485,6.3915786
84.358095,6.0382599
84.369705,5.638278
84.381315,5.4275608
84.392925,5.3225143
84.404535,6.0173352
84.416145,7.5522262
84.427755,6.5850505
84.439365,4.7507531
84.450975,4.9818059
84.462585,4.0202687
84.474195,4.5861185
84.485805,9.0845119
84.497415,10.813354
84.509025,11.274865
84.520635,10.60801
84.532245,9.7332153
84.543855,9.166714
84.555465,8.9134836
84.567075,8.7713849
84.578685,8.2296501
84.590295,8.8528353
84.601905,7.5202742
84.613515,8.1792526
84.625125,7.1000076
84.636735,7.9905127
84.648345,6.8974228
84.659955,7.016287
84.671565,6.5312279
84.683175,5.942314
84.694785,5.646789
84.706395,5.173476
84.718005,5.0095625
84.729615,5.0743711
84.741224,4.5452131
84.752834,5.2344263
84.764444,4.2739648
84.776054,5.2007305
84.787664,4.1901
84.799274,4.8248033
84.810884,3.1948514
84.822494,4.1409012
84.834104,2.8756581
84.845714,3.424374
84.857324,2.8535727
84.868934,2.9697977
84.880544,3.107375
84.892154,2.8617645
84.903764,2.7979552
84.915374,2.6368874
84.926984,2.726137
84.938594,2.203269
84.950204,2.6610582
84.961814,2.0381606
84.973424,7.2866199
84.985034,13.339527
84.996644,12.291526
85.008254,10.851642
85.019864,10.228329
85.031474,9.8783372
85.043084,9.1973885
85.054694,8.9136831
85.066304,8.5647662
85.077914,8.0953593
85.089524,8.3683858
85.101134,8.0789533
85.112744,8.2080774
85.124354,16.938937
85.135964,15.331662
85.147574,17.302669
85.159184,14.070102
85.170794,16.424972
85.182404,13.799503
85.194014,15.625362
85.205624,13.308855
85.217234,14.678714
85.228844,12.795113
85.240454,14.125659
85.252063,12.938715
85.263673,13.282805
85.275283,11.959691
85.286893,12.411991
85.298503,11.385101
85.310113,11.403105
85.321723,10.913734
85.333333,10.340175
85.344943,10.02635
85.356553,9.8198651
85.368163,9.5391596
85.379773,8.8952968
85.391383,8.9658263
85.402993,7.9607239
85.414603,8.5753358
85.426213,7.7584643
85.437823,7.7577086
85.449433,6.8273587
85.461043,7.69976
85.472653,6.3503782
85.484263,7.0451322
85.495873,6.1554279
85.507483,8.3366497
85.519093,9.2918367
85.530703,14.473561
85.542313,16.467784
85.553923,15.416305
85.565533,14.836292
85.577143,14.312971
85.588753,13.150258
85.600363,13.09951
85.611973,11.836646
85.623583,11.407912
85.635193,11.030187
85.646803,10.082149
85.658413,11.689921
85.670023,13.680593
85.681633,14.865755
85.693243,15.452619
85.704853,15.889755
85.716463,15.805063
85.728073,14.936343
85.739683,13.702885
85.751293,12.131645
85.762902,10.517907
85.774512,10.734715
85.786122,11.040188
85.797732,11.547205
85.809342,11.929505
85.820952,12.213686
85.832562,11.912254
85.844172,11.537684
85.855782,10.689838
85.867392,9.0407198
85.879002,8.1719548
85.890612,7.7254116
85.902222,7.9379496
85.913832,8.7408124
85.925442,8.9495781
85.937052,8.4575813
85.948662,9.458567
85.960272,9.285141
85.971882,7.0633151
85.983492,7.4176326
85.995102,6.6254989
86.006712,7.5476162
86.018322,8.1585571
86.029932,12.869257
86.041542,15.997838
86.053152,16.21937
86.064762,15.348624
86.076372,14.397576
86.087982,13.578445
86.099592,11.987653
86.111202,13.871392
86.122812,13.760113
86.134422,12.603107
86.146032,11.057622
86.157642,9.0966414
86.169252,7.1080245
86.180862,7.8274716
86.192472,10.544355
86.204082,9.965684
86.215692,14.738862
86.227302,15.570669
86.238912,15.44438
86.250522,15.320137
86.262132,13.791631
86.273741,12.416276
86.285351,11.520944
86.296961,10.504375
86.308571,10.697074
86.320181,13.734705
86.331791,12.191249
86.343401,9.2735015
86.355011,9.8180575
86.366621,13.466937
86.378231,12.640958
86.389841,9.1668652
86.401451,9.2506176
86.413061,10.212567
86.424671,9.7705977
86.436281,7.9699212
86.447891,7.6197731
86.459501,7.4015902
86.471111,6.476368
86.482721,7.1708106
86.494331,7.1640049
86.505941,7.0625537
86.517551,6.9034662
86.529161,7.0382081
86.540771,5.7294396
86.552381,5.8967213
86.563991,5.2742469
86.575601,4.7774444
86.587211,5.5849626
86.598821,4.7510257
86.610431,3.47726
86.622041,5.0861199
86.633651,4.8419519
86.645261,3.8377261
86.656871,4.2184952
86.668481,3.971465
86.680091,4.6038009
86.691701,3.99428
86.703311,3.8310871
86.714921,9.4715789
86.726531,8.6750844
86.738141,6.4532005
86.749751,7.7267404
86.761361,7.1120847
86.772971,7.1687387
86.78458,7.2331455
86.79619,6.5054916
86.8078,6.0034808
86.81941,5.379414
86.83102,4.8223433
86.84263,4.3153285
86.85424,4.8319656
86.86585,4.6062125
86.87746,4.3956155
86.88907,7.1715036
86.90068,6.8329495
86.91229,5.0912075
86.9239,5.6023203
86.93551,5.7974759
86.94712,5.5106062
86.95873,5.1140586
86.97034,5.8228875
86.98195,5.3083974
86.99356,5.5944248
87.00517,5.7580985
87.01678,5.6343861
87.02839,5.6785396
87.04,5.6987682
87.05161,5.0160987
87.06322,5.5831841
87.07483,5.0111112
87.08644,4.9006099
87.09805,5.0920487
87.10966,5.1429661
87.12127,4.1384133
87.13288,4.5127317
87.14449,5.4435219
87.1561,4.2848022
87.16771,4.1162606
87.17932,5.4573323
87.19093,4.5108537
87.20254,3.5760549
87.21415,5.4637627
87.22576,4.2527977
87.23737,3.7974752
87.24898,5.2313573
87.26059,3.943354
87.2722,3.9843719
87.28381,4.7878867
87.29542,3.6093973
87.307029,3.8485484
87.318639,4.0994464
87.330249,3.409685
87.341859,3.7801644
87.353469,3.6620131
87.365079,3.5976024
87.376689,3.5856105
87.388299,3.3601408
87.399909,3.6741349
87.411519,3.3702552
87.423129,3.3800026
87.434739,3.352445
87.446349,3.297838
87.457959,3.7195573
87.469569,3.5056947
87.481179,3.2726612
87.492789,4.0044955
87.504399,3.2010301
87.516009,3.332201
87.527619,4.3511471
87.539229,3.8148037
87.550839,3.2437634
87.562449,4.1230658
87.574059,3.4864168
87.585669,3.9694368
87.597279,11.936212
87.608889,12.127242
87.620499,12.078002
87.632109,11.091375
87.643719,9.665125
87.655329,9.5485118
87.666939,10.783089
87.678549,10.879526
87.690159,10.840783
87.701769,11.132419
87.713379,10.852285
87.724989,9.464418
87.736599,8.8629174
87.748209,9.0850126
87.759819,9.2174187
87.771429,9.3152482
87.783039,9.8570697
87.794649,9.808635
87.806259,9.1225598
87.817868,9.4012349
87.829478,10.01297
87.841088,9.8360618
87.852698,9.169642
87.864308,10.249697
87.875918,9.9154189
87.887528,9.6043989
87.899138,8.9432305
87.910748,8.3336687
87.922358,7.9461585
87.933968,7.3686319
87.945578,7.2630178
87.957188,7.9148959
87.968798,8.3387201
87.980408,9.4281469
87.992018,11.136175
88.003628,16.014699
88.015238,15.68071
88.026848,14.648375
88.038458,14.340819
88.050068,12.225856
88.061678,14.239407
88.073288,11.833916
88.084898,12.497926
88.096508,10.867815
88.108118,11.576829
88.119728,10.420079
88.131338,9.3568218
88.142948,10.516816
88.154558,8.3017035
88.166168,9.6178835
88.177778,7.8117618
88.189388,8.9442469
88.200998,8.5543062
88.212608,13.869513
88.224218,15.873245
88.235828,11.972937
88.247438,11.539389
88.259048,12.936309
88.270658,8.7594932
88.282268,11.286225
88.293878,12.124829
88.305488,10.110129
88.317098,10.897913
88.328707,10.64262
88.340317,9.3709598
88.351927,9.2058642
88.363537,9.379689
88.375147,9.2342901
88.386757,9.7684345
88.398367,9.8362072
88.409977,9.2991599
88.421587,8.8134317
88.433197,9.1990395
88.444807,7.903918
88.456417,7.8399722
88.468027,7.3164504
88.479637,6.9126025
88.491247,7.0494612
88.502857,6.8622645
88.514467,6.6315264
88.526077,6.3130591
88.537687,6.741591
88.549297,6.4297167
88.560907,6.0521833
88.572517,5.7142667
88.584127,5.521591
88.595737,5.1435515
88.607347,5.1763313
88.618957,5.2629374
88.630567,4.8307974
88.642177,4.7630867
88.653787,4.6400366
88.665397,4.318675
88.677007,4.1791932
88.688617,4.1424511
88.700227,3.6608691
88.711837,3.5126823
88.723447,3.4650372
88.735057,3.0552195
88.746667,2.9115025
88.758277,2.7508912
88.769887,2.18455
88.781497,2.4746686
88.793107,2.2679291
88.804717,2.3708945
88.816327,2.4965371
88.827937,2.2612599
88.839546,2.01761
88.851156,2.375978
88.862766,2.5007351
88.874376,2.3974565
88.885986,2.9398331
88.897596,2.9211489
88.909206,3.1905491
88.920816,3.3206918
88.932426,3.0153333
88.944036,3.2892959
88.955646,3.1615954
88.967256,4.0313122
88.978866,11.294727
88.990476,14.415003
89.002086,13.740689
89.013696,13.399551
89.025306,12.980306
89.036916,13.208655
89.048526,13.042887
89.060136,12.48377
89.071746,12.249049
89.083356,11.626826
89.094966,11.303559
89.106576,11.352257
89.118186,11.139087
89.129796,10.418727
89.141406,10.173997
89.153016,9.9191226
89.164626,9.2521714
89.176236,9.3248594
89.187846,9.0743472
89.199456,8.7342567
89.211066,8.7110216
89.222676,8.2372506
89.234286,7.6386698
89.245896,7.414482
89.257506,7.3676574
89.269116,6.8631079
89.280726,6.7185869
89.292336,6.6153198
89.303946,6.2479873
89.315556,6.1130234
89.327166,5.9365494
89.338776,5.4270565
89.350385,5.2121473
89.361995,5.373571
89.373605,5.0497721
89.385215,4.8282219
89.396825,4.7667535
89.408435,4.4144764
89.420045,4.3908068
89.431655,4.3672709
89.443265,3.6955378
89.454875,3.3967795
89.466485,3.2471981
89.478095,2.8622577
89.489705,2.3713052
89.501315,2.5228596
89.512925,2.7133927
89.524535,2.7979349
89.536145,3.1830629
89.547755,3.5234768
89.559365,3.3393876
89.570975,3.313746
89.582585,3.4613117
89.594195,3.1968158
89.605805,3.2388756
89.617415,3.3227084
89.629025,3.0628046
89.640635,3.2533812
89.652245,3.8213701
89.663855,3.955799
89.675465,4.2822721
89.687075,4.7329773
89.698685,4.7346554
89.710295,4.8431204
89.721905,4.9879522
89.733515,4.7348907
89.745125,4.6446351
89.756735,4.6035494
89.768345,4.3311803
89.779955,4.2050374
89.791565,4.1630423
89.803175,4.1499761
89.814785,4.2098784
89.826395,4.4641987
89.838005,4.4840322
89.849615,4.5507671
89.861224,4.5995923
89.872834,4.4324533
89.884444,4.4497678
89.896054,4.2820012
89.907664,4.1238881
89.919274,4.0326188
89.930884,4.0589023
89.942494,4.0682765
89.954104,4.1807533
89.965714,4.1458004
89.977324,4.1949815
89.988934,5.6739794
90.000544,7.4235923
90.012154,9.5795085
90.023764,9.5089656
90.035374,6.522863
90.046984,7.9642224
90.058594,8.5732465
90.070204,5.3377095
90.081814,7.457306
90.093424,8.2880365
90.105034,6.9693557
90.116644,8.6324716
90.128254,8.1296706
90.139864,6.4833331
90.151474,7.3749166
90.163084,6.2738134
90.174694,6.2126719
90.186304,6.8998911
90.197914,6.7114419
90.209524,6.8502992
90.221134,6.8376041
90.232744,6.4858823
90.244354,6.0390774
90.255964,5.7567851
90.267574,5.6910396
90.279184,5.854495
90.290794,6.0452756
90.302404,5.9714028
90.314014,5.7384669
90.325624,5.6045328
90.337234,5.2438771
90.348844,4.7487275
90.360454,4.9195587
90.372063,4.9735295
90.383673,5.1818817
90.395283,5.2138976
90.406893,4.8772644
90.418503,4.4563663
90.430113,4.3285153
90.441723,4.1360002
90.453333,4.2522057
90.464943,4.4322458
90.476553,4.3716933
90.488163,4.8138065
90.499773,5.8969444
90.511383,6.4462723
90.522993,6.307633
90.534603,5.5519672
90.546213,5.8232711
90.557823,5.4337737
90.569433,5.4282381
90.581043,5.0710901
90.592653,4.7254884
90.604263,4.7238655
90.615873,4.4390459
90.627483,4.5088206
90.639093,4.9315055
90.650703,5.1264407
90.662313,4.7233637
90.673923,4.0162608
90.685533,3.9178917
90.697143,3.7579826
90.708753,3.8089507
90.720363,4.030302
90.731973,4.633648
90.743583,5.1545561
90.755193,7.929202
90.766803,11.344339
90.778413,11.357771
90.790023,9.9253408
90.801633,9.8827095
90.813243,8.7018965
90.824853,9.6775193
90.836463,8.4874919
90.848073,8.1018976
90.859683,7.6887386
90.871293,7.2197686
90.882902,7.2646906
90.894512,6.2749391
90.906122,7.4052166
90.917732,6.4127731
90.929342,6.2240218
90.940952,5.520709
90.952562,5.1726892
90.964172,5.4028102
90.975782,4.9819152
90.987392,5.4436453
90.999002,5.0320212
91.010612,5.5732064
91.022222,4.2475026
91.033832,4.1985984
91.045442,4.4811
91.057052,4.2377247
91.068662,4.6048487
91.080272,4.4920329
91.091882,7.9137033
91.103492,9.1656779
91.115102,7.6182084
91.126712,7.7407297
91.138322,6.7042589
91.149932,7.4797062
91.161542,7.8594467
91.173152,7.6793058
91.184762,7.9638458
91.196372,8.0695756
91.207982,7.452941
91.219592,7.3854308
91.231202,6.8412459
91.242812,6.4425765
91.254422,6.0526388
91.266032,5.9787517
91.277642,6.4823631
91.289252,5.4387096
91.300862,5.4440712
91.312472,5.4619687
91.324082,5.3177865
91.335692,5.3065222
91.347302,4.9670995
91.358912,4.8107873
91.370522,4.7754131
91.382132,4.4775615
91.393741,4.2508759
91.405351,3.9951081
91.416961,3.9223226
91.428571,3.7248758
91.440181,3.7318742
91.451791,3.858714
91.463401,3.4793195
91.475011,3.0879773
91.486621,3.2287872
91.498231,3.4185992
91.509841,3.3015721
91.521451,3.2480936
91.533061,2.9221928
91.544671,2.6781836
91.556281,2.6304885
91.567891,2.1641241
91.579501,1.8202661
91.591111,2.0258791
91.602721,1.7006243
91.614331,1.6363131
91.625941,1.8097741
91.637551,1.6845653
91.649161,1.7967346
91.660771,1.9844015
91.672381,1.7953887
91.683991,1.7345157
91.695601,1.7137357
91.707211,1.5679083
91.718821,1.6639668
91.730431,1.6866807
91.742041,1.5420213
91.753651,1.6303237
91.765261,1.5017641
91.776871,1.3639129
91.788481,1.6673432
91.800091,1.7307306
91.811701,1.8509547
91.823311,2.2218906
91.834921,2.2834773
91.846531,2.316243
91.858141,2.4762574
91.869751,2.4878947
91.881361,2.4710754
91.892971,2.4504643
91.90458,2.4331944
91.91619,2.3407228
91.9278,2.3076446
91.93941,2.3216966
91.95102,2.2880571
91.96263,2.3206648
91.97424,2.4395102
91.98585,2.4463742
91.99746,2.537133
92.00907,2.545495
92.02068,2.5218892
92.03229,2.5670545
92.0439,2.4496734
92.05551,2.3669302
92.06712,2.3137299
92.07873,2.2570763
92.09034,2.1721806
92.10195,2.2056751
92.11356,2.353388
92.12517,2.4550617
92.13678,2.5842964
92.14839,2.6310165
92.16,2.6374648
92.17161,2.6993622
92.18322,2.6359082
92.19483,2.5151387
92.20644,2.4611174
92.21805,2.2717653
92.22966,2.1457314
92.24127,2.1438424
92.25288,2.0960121
92.26449,2.1915637
92.2761,2.2293011
92.28771,2.3295425
92.29932,2.4188993
92.31093,2.4106117
92.32254,2.4443661
92.33415,2.3694184
92.34576,2.3072847
92.35737,2.2640085
92.36898,2.1226278
92.38059,2.0359301
92.3922,1.9606917
92.40381,1.9183436
92.41542,1.946738
92.427029,2.0287833
92.438639,2.0853493
92.450249,2.1609533
92.461859,2.2065072
92.473469,2.2219019
92.485079,2.1732295
92.496689,2.1136943
92.508299,2.0161486
92.519909,1.9180821
92.531519,1.8172759
92.543129,1.7793775
92.554739,1.7733408
92.566349,1.8269096
92.577959,1.8868374
92.589569,1.9474637
92.601179,2.0240494
92.612789,2.0761869
92.624399,2.0800657
92.636009,2.0435521
92.647619,2.0148849
92.659229,1.9251965
92.670839,1.8730891
92.682449,1.7639499
92.694059,1.6584961
92.705669,1.6393583
92.717279,1.6889839
92.728889,1.716873
92.740499,1.7868814
92.752109,1.84538
92.763719,1.8626287
92.775329,1.919912
92.786939,1.9465208
92.798549,1.9242677
92.810159,1.9291055
92.821769,1.8829384
92.833379,1.8101885
92.844989,1.7482959
92.856599,1.7217087
92.868209,1.6806099
92.879819,1.6790713
92.891429,1.6958803
92.903039,1.7052279
92.914649,1.7388382
92.926259,1.7909631
92.937868,1.8279424
92.949478,1.8742793
92.961088,1.8475815
92.972698,1.834933
92.984308,1.8174434
92.995918,1.7621857
93.007528,1.7259026
93.019138,1.6769042
93.030748,1.6258383
93.042358,1.6395179
93.053968,1.6543896
93.065578,1.6450113
93.077188,1.6886867
93.088798,1.7215729
93.100408,1.7285657
93.112018,1.773409
93.123628,1.7811666
93.135238,1.7199822
93.146848,1.7508014
93.158458,1.6608417
93.170068,1.5991084
93.181678,1.6186736
93.193288,1.5750637
93.204898,1.5032875
93.216508,1.5610864
93.228118,1.5564175
93.239728,1.5788812
93.251338,1.6370918
93.262948,1.6554207
93.274558,1.6834948
93.286168,1.7065943
93.297778,1.6819657
93.309388,1.6515565
93.320998,1.6147722
93.332608,1.5596431
93.344218,1.4897703
93.355828,1.4927633
93.367438,1.4587216
93.379048,1.4586656
93.390658,1.4564093
93.402268,1.5032903
93.413878,1.4911641
93.425488,1.5183486
93.437098,1.5501199
93.448707,1.5678594
93.460317,1.5374218
93.471927,1.5287206
93.483537,1.5141106
93.495147,1.459873
93.506757,1.4032012
93.518367,1.3920161
93.529977,1.346852
93.541587,1.322849
93.553197,1.3693321
93.564807,1.3321387
93.576417,1.3900316
93.588027,1.4071393
93.599637,1.4002403
93.611247,1.4059329
93.622857,1.4083231
93.634467,1.3875719
93.646077,1.3518611
93.657687,1.3371171
93.669297,1.2789789
93.680907,1.265125
93.692517,1.2232834
93.704127,1.2208209
93.715737,1.2099685
93.727347,1.2234825
93.738957,1.2544042
93.750567,1.2577127
93.762177,1.2631627
93.773787,1.8702597
93.785397,1.3612161
93.797007,1.9913635
93.808617,1.9856425
93.820227,2.8922646
93.831837,1.7334452
93.843447,2.2109763
93.855057,2.7209879
93.866667,1.2983854
93.878277,2.1624263
93.889887,2.2742067
93.901497,1.1428724
93.913107,2.3216723
93.924717,2.1990983
93.936327,1.4712226
93.947937,2.4032551
93.959546,1.8899783
93.971156,1.3631609
93.982766,2.3842562
93.994376,1.866095
94.005986,1.6449693
94.017596,2.2032983
94.029206,1.755331
94.040816,1.4745762
94.052426,2.0301747
94.064036,1.7039547
94.075646,1.6404767
94.087256,2.0584395
94.098866,1.5511812
94.110476,1.7492558
94.122086,1.906618
94.133696,1.3580931
94.145306,1.7695167
94.156916,1.8979073
94.168526,1.4716062
94.180136,1.8724214
94.191746,1.7971749
94.203356,1.2588204
94.214966,1.719612
94.226576,1.7129111
94.238186,1.3822255
94.249796,1.7594033
94.261406,1.4550005
94.273016,1.4323506
94.284626,1.5390682
94.296236,1.3821825
94.307846,1.5710893
94.319456,1.6819608
94.331066,1.2638337
94.342676,1.3339195
94.354286,1.6867854
94.365896,1.1796014
94.377506,1.4113445
94.389116,1.6083908
94.400726,1.0633818
94.412336,1.4083703
94.423946,1.3314951
94.435556,1.0985713
94.447166,1.3938455
94.458776,1.3704286
94.470385,1.1289851
94.481995,1.3554752
94.493605,1.2729055
94.505215,1.0539125
94.516825,1.3886021
94.528435,1.7671165
94.540045,3.5658868
94.551655,3.1217561
94.563265,3.9151462
94.574875,4.1155492
94.586485,4.1236547
94.598095,3.7092548
94.609705,3.7187059
94.621315,3.5252847
94.632925,3.2181037
94.644535,3.134168
94.656145,2.8442823
94.667755,2.4101891
94.679365,2.5795139
94.690975,2.4966115
94.702585,2.3063622
94.714195,2.4217917
94.725805,2.4825385
94.737415,3.1871713
94.749025,5.599416
94.760635,7.3337625
94.772245,7.4881283
94.783855,7.5217708
94.795465,7.1554452
94.807075,6.0492543
94.818685,5.5042182
94.830295,5.675129
94.841905,5.6371446
94.853515,5.4289759
94.865125,4.989249
94.876735,4.691329
94.888345,4.6645865
94.899955,4.3878829
94.911565,4.10432
94.923175,3.8401097
94.934785,3.988235
94.946395,4.0422543
94.958005,3.3324035
94.969615,3.0045767
94.981224,3.4139236
94.992834,3.6409312
95.004444,3.0511384
95.016054,2.7233994
95.027664,3.232787
95.039274,3.1634672
95.050884,2.5928057
95.062494,2.3463597
95.074104,2.7911076
95.085714,2.9231042
95.097324,2.4701981
95.108934,2.1956632
95.120544,2.3733746
95.132154,2.2526192
95.143764,1.7095203
95.155374,1.8807045
95.166984,2.0561517
95.178594,2.1471737
95.190204,1.927848
95.201814,1.7023067
95.213424,1.6877438
95.225034,1.7680736
95.236644,1.6638185
95.248254,1.5739018
95.259864,1.6678631
95.271474,1.631067
95.283084,1.5688404
95.294694,1.3739552
95.306304,1.5242361
95.317914,1.5330605
95.329524,1.5199069
95.341134,1.4644151
95.352744,1.4149726
95.364354,1.4590833
95.375964,1.2054414
95.387574,1.4848574
95.399184,1.5469638
95.410794,1.3734758
95.422404,1.3832677
95.434014,1.4828261
95.445624,1.5275253
95.457234,1.3180542
95.468844,1.3388242
95.480454,1.4388933
95.492063,1.4087263
95.503673,1.2141374
95.515283,1.2603929
95.526893,1.3471878
95.538503,1.1731488
95.550113,1.1531495
95.561723,1.1921273
95.573333,1.2512763
95.584943,1.2179718
95.596553,1.0790723
95.608163,1.0042512
95.619773,1.7806436
95.631383,1.3305945
95.642993,1.3645877
95.654603,1.6870953
95.666213,1.5257586
95.677823,1.3986606
95.689433,1.3264828
95.701043,1.5974128
95.712653,2.0372423
95.724263,1.6516962
95.735873,2.5932841
95.747483,2.3449847
95.759093,1.5747541
95.770703,2.3862018
95.782313,1.9204663
95.793923,1.4734034
95.805533,2.1094658
95.817143,1.8233981
95.828753,1.7384429
95.840363,2.1130755
95.851973,1.5666386
95.863583,1.6956816
95.875193,2.116278
95.886803,1.475834
95.898413,2.0061132
95.910023,2.1362035
95.921633,1.3456595
95.933243,1.8239308
95.944853,1.9362255
95.956463,1.3386642
95.968073,1.7028295
95.979683,1.9603332
95.991293,1.4357255
96.002902,1.6870207
96.014512,1.628861
96.026122,1.2916462
96.037732,1.7812487
96.049342,1.3938015
96.060952,1.4781058
96.072562,1.8981376
96.084172,1.4236814
96.095782,1.4128554
96.107392,1.714178
96.119002,1.3258114
96.130612,2.8717651
96.142222,2.2244026
96.153832,2.3223031
96.165442,2.8197878
96.177052,2.6683496
96.188662,2.3172498
96.200272,2.1087192
96.211882,2.3894949
96.223492,2.2879878
96.235102,1.8795833
96.246712,1.870549
96.258322,1.989964
96.269932,2.1610757
96.281542,1.6309881
96.293152,3.5682638
96.304762,4.8053408
96.316372,4.8681963
96.327982,5.2771929
96.339592,5.0782955
96.351202,5.171179
96.362812,4.9877513
96.374422,4.9097811
96.386032,4.6731854
96.397642,4.4309695
96.409252,4.2602508
96.420862,3.7291245
96.432472,3.6459241
96.444082,3.4421258
96.455692,3.4167842
96.467302,3.2959655
96.478912,3.1098532
96.490522,3.1634621
96.502132,2.9668433
96.513741,2.7323331
96.525351,2.7056237
96.536961,2.437616
96.548571,2.4428178
96.560181,2.4334692
96.571791,2.3499416
96.583401,2.5023566
96.595011,2.3014007
96.606621,2.4624374
96.618231,2.4382153
96.629841,2.2032466
96.641451,2.2096532
96.653061,1.9879825
96.664671,1.9788066
96.676281,2.0849737
96.687891,1.8266628
96.699501,1.9037125
96.711111,1.7980731
96.722721,1.8420062
96.734331,2.0143499
96.745941,1.8185118
96.757551,1.9366928
96.769161,1.8329965
96.780771,1.7728315
96.792381,1.8041579
96.803991,1.6636326
96.815601,1.7034025
96.827211,1.5824096
96.838821,1.6006728
96.850431,1.7195808
96.862041,1.5780084
96.873651,1.6264226
96.885261,1.5781529
96.896871,1.6699762
96.908481,1.6986443
96.920091,1.6070155
96.931701,1.7749023
96.943311,1.6851135
96.954921,1.6572321
96.966531,1.7171145
96.978141,1.5635453
96.989751,1.6560094
97.001361,1.6476547
97.012971,1.5361188
97.02458,1.5571071
97.03619,1.5049438
97.0478,1.5538375
97.05941,1.4872983
97.07102,1.4213051
97.08263,2.2251456
97.09424,2.1121077
97.10585,1.9607941
97.11746,1.998627
97.12907,2.0453368
97.14068,2.1723341
97.15229,2.4321174
97.1639,2.3338411
97.17551,2.3594832
97.18712,2.3472412
97.19873,2.2264177
97.21034,2.2782011
97.22195,1.9874112
97.23356,2.0535464
97.24517,1.9315199
97.25678,1.5803393
97.26839,1.7551081
97.28,1.5870367
97.29161,1.5506603
97.30322,1.7659135
97.31483,1.4713155
97.32644,1.7187902
97.33805,1.5974643
97.34966,1.5492505
97.36127,1.5839683
97.37288,1.6048111
97.38449,1.357134
97.3961,1.506487
97.40771,1.3539612
97.41932,1.4402965
97.43093,1.380083
97.44254,1.366332
97.45415,1.3445633
97.46576,1.52933
97.47737,1.3496498
97.48898,1.554077
97.50059,1.3512584
97.5122,1.5321759
97.52381,1.4524834
97.53542,1.4650521
97.547029,1.5341477
97.558639,1.4234537
97.570249,1.5441375
97.581859,1.5411349
97.593469,1.4768793
97.605079,1.6406627
97.616689,1.5172724
97.628299,2.1323793
97.639909,2.0513387
97.651519,3.0737109
97.663129,2.563703
97.674739,2.3650157
97.686349,2.4901784
97.697959,2.2814885
97.709569,2.4449721
97.721179,2.2814489
97.732789,2.19597
97.744399,2.3359293
97.756009,2.0706364
97.767619,2.1853265
97.779229,2.1834604
97.790839,1.7787995
97.802449,2.2986872
97.814059,2.0729242
97.825669,2.0667882
97.837279,1.956025
97.848889,1.5777884
97.860499,1.7779305
97.872109,1.8177114
97.883719,2.6698472
97.895329,6.5005491
97.906939,7.1907424
97.918549,7.0223524
97.930159,6.6918333
97.941769,6.0815007
97.953379,6.8324086
97.964989,6.5419958
97.976599,5.8520872
97.988209,6.5809194
97.999819,5.9189627
98.011429,5.5480632
98.023039,6.3690163
98.034649,5.5128098
98.046259,5.079216
98.057868,5.896507
98.069478,4.758055
98.081088,4.1399762
98.092698,6.0016975
98.104308,2.9681728
98.115918,7.8542053
98.127528,7.9121108
98.139138,5.0061642
98.150748,7.6337553
98.162358,6.6116378
98.173968,4.5122083
98.185578,6.8949511
98.197188,5.2074502
98.208798,3.9287797
98.220408,5.7605861
98.232018,4.1924483
98.243628,3.854012
98.255238,5.1502764
98.266848,3.19196
98.278458,4.2466237
98.290068,4.6441234
98.301678,7.8281034
98.313288,10.047353
98.324898,9.2112126
98.336508,7.5974074
98.348118,7.9438565
98.359728,8.3635867
98.371338,8.028188
98.382948,5.9716454
98.394558,5.0397462
98.406168,5.9996915
98.417778,6.6739183
98.429388,6.0276878
98.440998,7.5942106
98.452608,9.7548778
98.464218,10.596162
98.475828,9.7487747
98.487438,8.732583
98.499048,8.6820761
98.510658,8.7829819
98.522268,8.2256561
98.533878,7.1512687
98.545488,6.691848
98.557098,7.0219319
98.568707,6.9070975
98.580317,5.9998454
98.591927,5.6626015
98.603537,6.3276386
98.615147,6.112302
98.626757,4.905537
98.638367,4.4329886
98.649977,4.8781334
98.661587,4.7672432
98.673197,4.1349154
98.684807,3.8737784
98.696417,4.2132171
98.708027,4.1697219
98.719637,3.6030536
98.731247,3.1826454
98.742857,3.5073562
98.754467,3.5486149
98.766077,2.992592
98.777687,2.681089
98.789297,2.647326
98.800907,3.0497192
98.812517,2.6646739
98.824127,2.3950016
98.835737,2.1062219
98.847347,1.9429634
98.858957,2.0235096
98.870567,1.9294692
98.882177,1.6201543
98.893787,1.5447194
98.905397,1.6972973
98.917007,1.9062771
98.928617,1.9503806
98.940227,1.4363453
98.951837,1.6223444
98.963447,1.8089314
98.975057,1.872714
98.986667,1.4983803
98.998277,1.5980642
99.009887,1.7706951
99.021497,1.5262872
99.033107,1.4280401
99.044717,3.0696675
99.056327,4.427979
99.067937,5.9444804
99.079546,6.3041671
99.091156,6.2984208
99.102766,5.6130764
99.114376,6.2383757
99.125986,4.960865
99.137596,5.4835422
99.149206,4.7912489
99.160816,4.0139335
99.172426,5.0052226
99.184036,3.1672414
99.195646,3.9125628
99.207256,3.9314035
99.218866,2.6939194
99.230476,3.9514799
99.242086,2.8673109
99.253696,2.9269035
99.265306,3.1227418
99.276916,1.8141808
99.288526,2.6970491
99.300136,1.8476098
99.311746,2.5447074
99.323356,2.3373577
99.334966,1.2392827
99.346576,2.0541686
99.358186,1.5667421
99.369796,2.7656154
99.381406,5.3256986
99.393016,8.7265417
99.404626,9.087409
99.416236,8.8247745
99.427846,8.3371924
99.439456,7.5713728
99.451066,7.7546699
99.462676,7.0265108
99.474286,6.8981244
99.485896,6.4351725
99.497506,6.2376463
99.509116,6.116291
99.520726,5.4488533
99.532336,5.3659108
99.543946,5.252322
99.555556,5.2472498
99.567166,5.6786899
99.578776,5.8047965
99.590385,6.0594341
99.601995,5.6070744
99.613605,4.4157845
99.625215,3.7678596
99.636825,2.8449434
99.648435,4.1444146
99.660045,4.6235033
99.671655,4.6552518
99.683265,4.7194064
99.694875,3.2449375
99.706485,3.1654396
99.718095,3.0570575
99.729705,4.6581333
99.741315,6.3996395
99.752925,5.7294099
99.764535,6.5588016
99.776145,6.0020624
99.787755,6.1913205
99.799365,5.2818309
99.810975,6.1260881
99.822585,4.1891858
99.834195,4.3673775
99.845805,4.1332932
99.857415,4.2498667
99.869025,3.1918659
99.880635,4.0407213
99.892245,3.4704669
99.903855,2.9657126
99.915465,3.3199931
99.927075,2.9562788
99.938685,2.6668035
99.950295,3.2545108
99.961905,3.7225362
99.973515,2.4435169
99.985125,3.7696971
99.996735,2.1382078
100.00834,3.2528469
100.01995,3.4569002
100.03156,3.2282789
100.04317,2.6627011
100.05478,2.7993044
100.06639,2.8981468
100.078,2.9783595
100.08961,3.1104293
100.10122,3.0696085
100.11283,2.9885705
100.12444,2.6597332
100.13605,2.525214
100.14766,2.4966495
100.15927,2.6043095
100.17088,2.3180942
100.18249,2.3559696
100.1941,2.1729469
100.20571,2.0661021
100.21732,2.1205123
100.22893,2.1065272
100.24054,1.9694547
100.25215,1.7730979
100.26376,1.6805949
100.27537,1.4863655
100.28698,1.3298108
100.29859,1.3460094
100.3102,1.2311386
100.32181,1.2666557
100.33342,1.0884036
100.34503,1.0744749
100.35664,1.0225485
100.36825,0.95142425
100.37986,0.99901213
100.39147,0.91886016
100.40308,0.95854956
100.41469,1.0368382
100.4263,0.92271464
100.43791,1.0683926
100.44952,1.1701897
100.46113,1.1470921
100.47274,1.134385
100.48435,1.092375
100.49596,1.0432509
100.50757,1.0967507
100.51918,1.053189
100.53079,1.0228732
100.5424,0.98703883
100.55401,0.90548471
100.56562,0.8455914
100.57723,0.74491324
100.58884,0.8647656
100.60045,0.90581833
100.61206,0.82608326
100.62367,0.77463763
100.63528,0.79001557
100.64689,0.70032609
100.6585,0.74374339
100.67011,0.68385129
100.68172,0.6912686
100.69333,0.68469451
100.70494,0.76255816
100.71655,0.72935635
100.72816,0.69038109
100.73977,0.65766229
100.75138,0.80674658
100.76299,0.69544355
100.7746,0.65568726
100.78621,0.7756581
100.79782,0.70658843
100.80943,0.71815242
100.82104,0.77128948
100.83265,0.7371095
100.84426,0.76327649
100.85587,0.76189263
100.86748,0.74471152
100.87909,1.5913023
100.8907,3.5960548
100.90231,5.8496223
100.91392,6.401397
100.92553,6.043403
100.93714,5.7663898
100.94875,5.5390724
100.96036,5.2112538
100.97197,5.0437784
100.98358,4.7319524
100.99519,4.5702599
101.0068,4.4738573
101.01841,4.1421364
101.03002,4.0378231
101.04163,3.872607
101.05324,3.6995479
101.06485,3.5374833
101.07646,3.8555316
101.08807,4.0340611
101.09968,4.1689494
101.11129,4.0697554
101.1229,3.1384088
101.13451,2.3419575
101.14612,2.2863892
101.15773,2.8224541
101.16934,2.8378974
101.18095,2.7272774
101.19256,2.3655501
101.20417,2.1808747
101.21578,2.2750128
101.22739,2.2918416
101.239,2.0992946
101.25061,2.1247737
101.26222,1.9821669
101.27383,1.6005656
101.28544,1.6440882
101.29705,1.6794783
101.30866,1.7728271
101.32027,1.6326413
101.33188,1.4919308
101.34349,1.3903369
101.3551,1.2317735
101.36671,1.3143774
101.37832,1.3957851
101.38993,1.5147513
101.40154,1.4566689
101.41315,1.367162
101.42476,1.2256348
101.43637,1.1478617
101.44798,1.0868152
101.45959,1.147225
101.4712,1.1786896
101.48281,1.1208744
101.49442,1.1029631
101.50603,1.107676
101.51764,1.2241288
101.52925,1.3304808
101.54086,1.2501857
101.55247,1.1800281
101.56408,1.0653787
101.57569,0.94289516
101.5873,0.89381734
101.59891,0.91384686
101.61052,0.92544213
101.62213,0.93899089
101.63374,1.0159238
101.64535,1.0027301
101.65696,0.98173153
101.66857,1.0159345
101.68018,1.0203081
101.69179,1.001845
101.7034,1.0531784
101.71501,1.0398139
101.72662,1.094167
101.73823,1.0147447
101.74984,1.0099615
101.76145,1.0950553
101.77306,1.0415122
101.78467,1.0154593
101.79628,0.96322921
101.80789,1.0109301
101.8195,0.98987094
101.83111,0.85192331
101.84272,0.91429402
101.85433,0.79400641
101.86594,0.94625952
101.87755,1.4756804
101.88916,2.5806867
101.90077,1.9039712
101.91238,1.100101
101.92399,1.2691325
101.9356,1.7540798
101.94721,1.4420635
101.95882,1.2711409
101.97043,1.4673545
101.98204,1.622515
101.99365,1.3659219
102.00526,1.3764607
102.01687,1.797909
102.02848,1.1744549
102.04009,1.271698
102.0517,1.7289365
102.06331,1.7341657
102.07492,1.2502141
102.08653,1.300018
102.09814,1.6830615
102.10975,1.3519109
102.12136,1.1359462
102.13297,1.5965223
102.14458,1.2819692
102.15619,1.1989462
102.1678,1.5384725
102.17941,1.5940727
102.19102,1.1203386
102.20263,1.2322029
102.21424,1.5852181
102.22585,1.5225196
102.23746,1.0067415
102.24907,1.0991222
102.26068,1.4153951
102.27229,1.3622068
102.2839,1.3156572
102.29551,1.2883217
102.30712,1.2468308
102.31873,1.3028306
102.33034,1.2537981
102.34195,1.2880876
102.35356,1.1844932
102.36517,1.0169145
102.37678,1.1844029
102.38839,1.3979254
102.4,1.2844944
102.41161,0.83424677
102.42322,1.1114983
102.43483,1.9576323
102.44644,2.0472015
102.45805,2.3515738
102.46966,1.4746599
102.48127,1.5913402
102.49288,1.7292583
102.50449,1.4712159
102.5161,1.7431102
102.52771,1.4964143
102.53932,1.8015692
102.55093,1.5007512
102.56254,1.4482139
102.57415,1.9556531
102.58576,1.3860532
102.59737,1.5991968
102.60898,1.7901
102.62059,1.8856028
102.6322,1.4146132
102.64381,1.4210184
102.65542,1.8392137
102.66703,1.5155177
102.67864,1.3921694
102.69025,1.6961662
102.70186,1.593142
102.71347,1.3173223
102.72508,1.6974146
102.73669,1.8447544
102.7483,1.509018
102.75991,1.2537898
102.77152,1.6384142
102.78313,1.697454
102.79474,1.3402625
102.80635,1.2442674
102.81796,1.5971028
102.82957,1.5104558
102.84118,1.3969525
102.85279,1.5039669
102.8644,1.5998034
102.87601,1.4666788
102.88762,1.389794
102.89923,1.5456577
102.91084,1.5498634
102.92245,1.2890318
102.93406,1.3138541
102.94567,1.5591118
102.95728,1.5221509
102.96889,1.3097923
102.9805,1.4819046
102.99211,1.5252185
103.00372,1.3715746
103.01533,1.3940852
103.02694,1.5925481
103.03855,1.4569604
103.05016,1.4660718
103.06177,3.1142463
103.07338,3.3919627
103.08499,3.9296533
103.0966,4.1983441
103.10821,4.2279346
103.11982,4.7803107
103.13143,4.7748562
103.14304,4.0942739
103.15465,4.0959849
103.16626,3.7686898
103.17787,3.8225702
103.18948,4.088782
103.20109,3.9542128
103.2127,3.647946
103.22431,3.3748614
103.23592,3.185369
103.24753,2.8340672
103.25914,2.8051221
103.27075,2.3161204
103.28236,2.3286762
103.29397,1.9931561
103.30558,2.18184
103.31719,1.8203107
103.3288,1.9957651
103.34041,1.9949449
103.35202,2.2229554
103.36363,2.1868907
103.37524,2.3487222
103.38685,2.4183148
103.39846,2.4913781
103.41007,2.4629675
103.42168,2.44856
103.43329,2.2884039
103.4449,2.3315656
103.45651,2.3312084
103.46812,2.3268884
103.47973,2.3714789
103.49134,2.2209841
103.50295,2.1444109
103.51456,2.1328035
103.52617,2.1944386
103.53778,2.1716217
103.54939,2.0551971
103.561,2.0229599
103.57261,2.1000119
103.58422,2.0289773
103.59583,2.1353584
103.60744,2.0745714
103.61905,2.0431074
103.63066,1.934322
103.64227,1.9774172
103.65388,1.9207804
103.66549,1.8286725
103.6771,1.7909215
103.68871,1.8414812
103.70032,1.7244448
103.71193,1.6950643
103.72354,1.704286
103.73515,1.7511536
103.74676,1.6910211
103.75837,1.6639782
103.76998,1.5203924
103.78159,1.4940367
103.7932,1.4854486
103.80481,1.5559357
103.81642,1.548114
103.82803,1.5992187
103.83964,1.7790489
103.85125,4.7765963
103.86286,6.2475142
103.87447,5.0681192
103.88608,4.6279416
103.89769,4.8462731
103.9093,4.3541117
103.92091,3.6194962
103.93252,4.1202443
103.94413,3.8615881
103.95574,4.1334271
103.96735,3.5730431
103.97896,3.7808312
103.99057,3.9107052
104.00218,4.0418169
104.01379,3.9123068
104.0254,3.4790738
104.03701,3.1744076
104.04862,3.2303436
104.06023,3.537707
104.07184,3.5085879
104.08345,3.0687958
104.09506,2.6767757
104.10667,2.5858261
104.11828,2.6823367
104.12989,2.7493088
104.1415,2.7520302
104.15311,2.8121401
104.16472,2.2598368
104.17633,2.3714486
104.18794,2.3130281
104.19955,2.0290319
104.21116,1.8775115
104.22277,2.0335322
104.23438,1.819514
104.24599,1.8195585
104.2576,1.5339443
104.26921,1.6744388
104.28082,1.557267
104.29243,1.7375995
104.30404,1.8604389
104.31565,1.7790974
104.32726,1.4296707
104.33887,1.42135
104.35048,1.5493524
104.36209,1.666855
104.3737,1.7424625
104.38531,1.6196296
104.39692,1.4047042
104.40853,1.4441466
104.42014,1.4894954
104.43175,1.4841995
104.44336,1.6097673
104.45497,1.5235016
104.46658,1.454336
104.47819,1.3958927
104.4898,1.3891691
104.50141,1.5438963
104.51302,1.5843134
104.52463,1.6077955
104.53624,1.4760662
104.54785,1.307722
104.55946,1.2035246
104.57107,1.2723985
104.58268,1.3826754
104.59429,1.3407551
104.6059,1.3081964
104.61751,1.1706578
104.62912,1.1122724
104.64073,1.0836272
104.65234,1.092873
104.66395,1.1403541
104.67556,1.1984768
104.68717,1.1764035
104.69878,1.1785607
104.71039,2.0997117
104.722,2.6448077
104.73361,2.7534482
104.74522,2.8730557
104.75683,2.9463937
104.76844,2.148172
104.78005,2.4627132
104.79166,2.59826
104.80327,2.0658721
104.81488,2.2629681
104.82649,2.7258334
104.8381,2.4251205
104.84971,2.5307358
104.86132,2.6268611
104.87293,2.2062425
104.88454,1.9968952
104.89615,2.3962665
104.90776,2.2310498
104.91937,1.7535516
104.93098,2.2027313
104.94259,2.0857362
104.9542,1.8395848
104.9658,2.2258073
104.97741,2.3457078
104.98902,1.7242527
105.00063,1.8945543
105.01224,1.9923005
105.02385,1.5244616
105.03546,1.6200037
105.04707,1.8533912
105.05868,1.5345371
105.07029,1.3469905
105.0819,1.8179942
105.09351,1.7662631
105.10512,1.3782617
105.11673,1.7543099
105.12834,1.54064
105.13995,1.0995928
105.15156,1.3513039
105.16317,1.3838371
105.17478,0.88546166
105.18639,0.9304862
105.198,1.4194594
105.20961,1.2547814
105.22122,1.2441909
105.23283,1.7116076
105.24444,1.4345848
105.25605,3.7877099
105.26766,6.6039285
105.27927,6.1576173
105.29088,5.6709127
105.30249,5.8255275
105.3141,5.6556105
105.32571,5.5929332
105.33732,5.2467272
105.34893,4.4746894
105.36054,4.6364409
105.37215,4.1343411
105.38376,4.1444984
105.39537,4.0693384
105.40698,3.4965983
105.41859,3.7595326
105.4302,3.4833565
105.44181,3.4200995
105.45342,3.6089672
105.46503,3.170247
105.47664,3.5955785
105.48825,2.8935727
105.49986,3.5671398
105.51147,2.8854623
105.52308,3.2304641
105.53469,3.0824161
105.5463,3.0642484
105.55791,3.1355987
105.56952,2.494196
105.58113,3.27526
105.59274,2.38212
105.60435,3.1577513
105.61596,2.5786123
105.62757,2.8785263
105.63918,2.6652451
105.65079,2.4831214
105.6624,2.7754911
105.67401,2.0517955
105.68562,2.6350306
105.69723,2.0358003
105.70884,2.3032964
105.72045,2.1368108
105.73206,2.0300352
105.74367,2.1759751
105.75528,1.6878766
105.76689,2.1973324
105.7785,1.4669015
105.79011,2.0829408
105.80172,1.4543995
105.81333,1.9414944
105.82494,1.7353958
105.83655,1.6300736
105.84816,2.0205772
105.85977,3.3915164
105.87138,6.7668926
105.88299,7.9801819
105.8946,7.4578204
105.90621,7.3556354
105.91782,6.8703145
105.92943,5.8231421
105.94104,6.0595946
105.95265,5.9733855
105.96426,5.4005079
105.97587,5.0437259
105.98748,4.9566457
105.99909,5.1618886
106.0107,4.8864652
106.02231,4.1234684
106.03392,3.9508299
106.04553,4.2878283
106.05714,4.2235493
106.06875,3.5481216
106.08036,3.2173162
106.09197,3.6613163
106.10358,3.8816355
106.11519,3.2617311
106.1268,2.7142697
106.13841,3.1813847
106.15002,3.2670445
106.16163,2.8138083
106.17324,2.6393615
106.18485,2.6705995
106.19646,2.7733825
106.20807,2.5878176
106.21968,2.2582701
106.23129,2.0365966
106.2429,2.5282406
106.25451,2.1907155
106.26612,2.128978
106.27773,2.3283536
106.28934,1.8629289
106.30095,2.304126
106.31256,2.0663947
106.32417,1.4007264
106.33578,2.1959602
106.34739,1.9215152
106.359,1.7798918
106.37061,2.1325071
106.38222,1.5261612
106.39383,1.8538868
106.40544,1.9494674
106.41705,1.5374755
106.42866,1.7122462
106.44027,1.9411493
106.45188,1.6050392
106.46349,1.6436182
106.4751,1.7668206
106.48671,1.4800396
106.49832,1.8104576
106.50993,1.6236974
106.52154,1.1214286
106.53315,1.8017462
106.54476,1.7853782
106.55637,1.5379673
106.56798,1.5847505
106.57959,1.5495016
106.5912,1.7246994
106.60281,1.5188284
106.61442,1.3268168
106.62603,1.5351588
106.63764,1.9295998
106.64925,2.0852037
106.66086,2.4882616
106.67247,2.7941906
106.68408,1.5948449
106.69569,3.1069766
106.7073,2.4717575
106.71891,1.9678576
106.73052,3.1687638
106.74213,2.1701279
106.75374,2.5361236
106.76535,3.1002306
106.77696,1.7384187
106.78857,2.592004
106.80018,3.1466639
106.81179,1.9761271
106.8234,2.9545565
106.83501,2.7912564
106.84662,1.6556463
106.85823,2.9814755
106.86984,2.5459832
106.88145,1.7317799
106.89306,2.7994888
106.90467,2.1576305
106.91628,2.0927106
106.92789,2.8666952
106.9395,1.6881175
106.95111,2.1603055
106.96272,2.712464
106.97433,1.8663105
106.98594,2.5818733
106.99755,2.3555717
107.00916,1.8148657
107.02077,2.6443061
107.03238,1.9292952
107.04399,1.6168912
107.0556,2.48821
107.06721,1.9410482
107.07882,1.8582236
107.09043,2.2309302
107.10204,1.559575
107.11365,1.8785011
107.12526,2.037373
107.13687,1.4206514
107.14848,1.8118819
107.16009,1.9042318
107.1717,1.5543853
107.18331,1.8585157
107.19492,1.7121281
107.20653,1.5773747
107.21814,1.9245191
107.22975,1.4251571
107.24136,1.3498188
107.25297,1.8738452
107.26458,1.5861925
107.27619,1.4891359
107.2878,1.63661
107.29941,1.4022937
107.31102,1.4418427
107.32263,1.5025991
107.33424,1.185918
107.34585,1.4300403
107.35746,1.2873033
107.36907,1.0976218
107.38068,1.4587261
107.39229,1.9578772
107.4039,3.1942999
107.41551,3.2417142
107.42712,2.3567319
107.43873,3.7644314
107.45034,2.2081744
107.46195,3.1286476
107.47356,2.6079112
107.48517,2.7405374
107.49678,3.0354452
107.50839,2.1362674
107.52,3.5021128
107.53161,2.2999735
107.54322,5.5519343
107.55483,5.9273816
107.56644,5.0206029
107.57805,4.6595002
107.58966,4.2866823
107.60127,4.244782
107.61288,3.9603104
107.62449,3.9129546
107.6361,3.706652
107.64771,3.7811998
107.65932,3.3966467
107.67093,3.4228736
107.68254,3.2889606
107.69415,3.1274318
107.70576,2.8604531
107.71737,2.7974819
107.72898,5.1329773
107.74059,8.6938243
107.7522,9.3042118
107.76381,8.8708116
107.77542,8.440472
107.78703,8.3142889
107.79864,8.2428448
107.81025,7.9154552
107.82186,7.8115287
107.83347,7.4969659
107.84508,7.258305
107.85669,7.5438433
107.8683,7.3623346
107.87991,7.0023116
107.89152,6.832681
107.90313,6.7353516
107.91474,6.5085306
107.92635,6.3468026
107.93796,6.1610905
107.94957,5.7304523
107.96118,5.7456767
107.97279,5.488511
107.9844,5.2270074
107.99601,5.0369719
108.00762,4.9898081
108.01923,4.7473436
108.03084,4.6725455
108.04245,5.117391
108.05406,5.3738161
108.06567,4.4855337
108.07728,4.7526819
108.08889,4.6871417
108.1005,4.3552776
108.11211,4.2298656
108.12372,4.1668828
108.13533,3.7560122
108.14694,3.9466485
108.15855,3.3237849
108.17016,3.923563
108.18177,3.2459514
108.19338,3.506994
108.20499,3.5750849
108.2166,3.367866
108.22821,3.7972936
108.23982,3.3574905
108.25143,3.7183876
108.26304,3.3856109
108.27465,3.3845428
108.28626,3.6213232
108.29787,2.9581744
108.30948,3.5624315
108.32109,2.2522851
108.3327,3.1369788
108.34431,3.0977326
108.35592,2.0459643
108.36753,3.3253534
108.37914,1.7783042
108.39075,3.1858022
108.40236,2.139608
108.41397,2.7826422
108.42558,2.6618295
108.43719,2.3708359
108.4488,2.8279449
108.46041,2.2705005
108.47202,2.7190766
108.48363,2.3828917
108.49524,2.3799907
108.50685,2.6957557
108.51846,1.8518059
108.53007,2.7153866
108.54168,1.679261
108.55329,2.543201
108.5649,2.0480748
108.57651,2.3684568
108.58812,2.330437
108.59973,2.1368404
108.61134,2.5393695
108.62295,2.4555961
108.63456,2.5945021
108.64617,2.5696169
108.65778,2.5195037
108.66939,2.3881668
108.681,2.112648
108.69261,2.4716032
108.70422,1.9476774
108.71583,2.4508687
108.72744,2.5493499
108.73905,2.5046149
108.75066,2.8710307
108.76227,2.889629
108.77388,2.6543932
108.78549,2.5914148
108.7971,2.704157
108.80871,2.3995754
108.82032,2.5913988
108.83193,2.2149577
108.84354,2.3463082
108.85515,2.5558834
108.86676,2.4778241
108.87837,2.6594091
108.88998,2.5013474
108.90159,2.5207246
108.9132,2.3158341
108.92481,2.5023182
108.93642,2.3218499
108.94803,2.5153061
108.95964,2.313748
108.97125,2.3669373
108.98286,2.2654704
108.99447,2.2965324
109.00608,2.1577727
109.01769,2.3241779
109.0293,2.2318615
109.04091,2.4764788
109.05252,2.3770428
109.06413,2.5792973
109.07574,2.4409972
109.08735,2.5041771
109.09896,2.3511465
109.11057,2.3814305
109.12218,2.2009281
109.13379,2.2811284
109.1454,2.2853964
109.15701,2.4537616
109.16862,2.3386144
109.18023,2.4167475
109.19184,2.1984176
109.20345,2.1967673
109.21506,2.1322798
109.22667,2.5920801
109.23828,2.6319703
109.24989,2.660283
109.2615,2.7757263
109.27311,3.1888435
109.28472,2.9227226
109.29633,3.1214425
109.30794,3.3165948
109.31955,2.7634299
109.33116,2.7370544
109.34277,2.6542111
109.35438,1.8549432
109.36599,2.7570167
109.3776,2.7327796
109.38921,2.8515439
109.40082,3.3031287
109.41243,2.8805621
109.42404,5.2632368
109.43565,5.1849012
109.44726,5.1920911
109.45887,4.9329085
109.47048,5.4441748
109.48209,4.599537
109.4937,4.6666328
109.50531,5.0703731
109.51692,3.6447168
109.52853,3.8639265
109.54014,4.2979457
109.55175,2.8551951
109.56336,3.130166
109.57497,3.8544741
109.58658,2.844731
109.59819,3.6523519
109.6098,3.8329853
109.62141,2.7486075
109.63302,4.0703946
109.64463,3.552414
109.65624,2.2591355
109.66785,3.2170506
109.67946,2.7824835
109.69107,1.7179153
109.70268,2.6539976
109.71429,1.7813596
109.7259,2.1489755
109.73751,2.8332206
109.74912,2.4376305
109.76073,2.5538196
109.77234,3.2806494
109.78395,2.9030106
109.79556,2.6214407
109.80717,3.2067878
109.81878,2.1837946
109.83039,2.1561432
109.842,2.8340756
109.85361,1.5877086
109.86522,2.5942181
109.87683,2.8585048
109.88844,1.7001271
109.90005,2.9986204
109.91166,2.9927054
109.92327,1.5951786
109.93488,2.8472719
109.94649,2.6448632
109.9581,1.6068914
109.96971,2.8615511
109.98132,2.1784277
109.99293,1.8041287
110.00454,2.7594028
110.01615,1.8327148
110.02776,2.1676442
110.03937,2.7650552
110.05098,1.5494058
110.06259,2.3658619
110.0742,2.8543082
110.0858,1.6441552
110.09741,2.252619
110.10902,2.9881646
110.12063,2.5582525
110.13224,2.5826261
110.14385,2.6121276
110.15546,2.4776124
110.16707,1.8864666
110.17868,2.5525373
110.19029,1.7230458
110.2019,2.4343642
110.21351,1.888065
110.22512,2.191896
110.23673,2.4093697
110.24834,1.7746688
110.25995,2.5235115
110.27156,1.689662
110.28317,2.3615604
110.29478,2.1198989
110.30639,1.9582729
110.318,2.456606
110.32961,1.5650399
110.34122,2.5573939
110.35283,1.5675872
110.36444,2.2221987
110.37605,2.1852738
110.38766,1.637421
110.39927,2.3538344
110.41088,1.4082748
110.42249,2.1658243
110.4341,1.8053803
110.44571,1.8503409
110.45732,2.0365852
110.46893,1.5878992
110.48054,2.0483158
110.49215,1.7766508
110.50376,1.8272173
110.51537,1.8758595
110.52698,1.5323966
110.53859,2.009547
110.5502,1.4246409
110.56181,1.9067133
110.57342,1.6169595
110.58503,1.7358573
110.59664,1.7749562
110.60825,1.2123393
110.61986,1.851576
110.63147,1.0773989
110.64308,1.8770573
110.65469,1.2456782
110.6663,1.7224941
110.67791,1.6490263
110.68952,1.3476057
110.70113,1.8663789
110.71274,0.94244637
110.72435,1.8479744
110.73596,0.97645649
110.74757,1.7251401
110.75918,1.452526
110.77079,2.1433864
110.7824,2.2631906
110.79401,1.8381059
110.80562,2.2698589
110.81723,1.9031334
110.82884,1.9789648
110.84045,1.975155
110.85206,1.8759453
110.86367,2.0269607
110.87528,1.9101621
110.88689,1.9538611
110.8985,1.9498446
110.91011,1.8926215
110.92172,2.0799651
110.93333,1.6383388
110.94494,2.1556663
110.95655,1.5838201
110.96816,2.0628089
110.97977,1.8326177
110.99138,1.7239455
111.00299,1.9261041
111.0146,1.4339472
111.02621,1.9878286
111.03782,1.4018035
111.04943,1.901996
111.06104,1.6008301
111.07265,1.7552049
111.08426,3.9288518
111.09587,6.5301831
111.10748,6.8246771
111.11909,6.5913054
111.1307,6.2794395
111.14231,6.4133604
111.15392,6.431242
111.16553,6.201478
111.17714,6.1550198
111.18875,5.83272
111.20036,5.6292245
111.21197,5.8048562
111.22358,5.6523044
111.23519,5.2872342
111.2468,5.1211679
111.25841,5.0713802
111.27002,4.7700451
111.28163,4.6876824
111.29324,4.5148564
111.30485,4.2404578
111.31646,4.295569
111.32807,4.1662703
111.33968,3.9607179
111.35129,3.895071
111.3629,3.8352903
111.37451,3.6528048
111.38612,3.4999015
111.39773,3.3153371
111.40934,3.2096762
111.42095,3.0623842
111.43256,2.9494979
111.44417,2.6866835
111.45578,2.5026278
111.46739,2.5313741
111.479,2.4602629
111.49061,2.3886422
111.50222,2.3126814
111.51383,2.2051429
111.52544,2.1444236
111.53705,2.0019424
111.54866,1.8347808
111.56027,3.543254
111.57188,7.2135541
111.58349,7.5889518
111.5951,7.2869412
111.60671,7.0959135
111.61832,6.9078129
111.62993,7.2297502
111.64154,6.9804998
111.65315,6.6878285
111.66476,6.7325172
111.67637,6.6243868
111.68798,6.6177987
111.69959,6.6573888
111.7112,6.3886593
111.72281,6.1468531
111.73442,6.2058309
111.74603,5.9222337
111.75764,5.6574179
111.76925,5.7215116
111.78086,5.4475814
111.79247,5.4081748
111.80408,5.4524428
111.81569,5.2174338
111.8273,5.0597143
111.83891,5.1470884
111.85052,4.8437681
111.86213,4.7224076
111.87374,4.7725411
111.88535,4.5330608
111.89696,4.45995
111.90857,4.5858661
111.92018,5.7373298
111.93179,7.7102709
111.9434,8.3257714
111.95501,7.6302517
111.96662,7.2937627
111.97823,7.3131674
111.98984,7.1471726
112.00145,6.9702109
112.01306,6.9238786
112.02467,6.6523762
112.03628,6.4416124
112.04789,6.5046789
112.0595,6.2973372
112.07111,5.1214086
112.08272,5.0343485
112.09433,5.6666313
112.10594,5.0695201
112.11755,4.7986528
112.12916,4.9498053
112.14077,5.2536954
112.15238,5.0481173
112.16399,4.9115068
112.1756,4.9147794
112.18721,4.6411123
112.19882,5.1084004
112.21043,4.9202573
112.22204,4.5921605
112.23365,4.6662437
112.24526,4.6346714
112.25687,3.6318047
112.26848,5.7601482
112.28009,4.5585546
112.2917,8.7744772
112.30331,7.963984
112.31492,6.8850797
112.32653,8.4711141
112.33814,6.4995559
112.34975,6.6400655
112.36136,7.6046936
112.37297,5.0668869
112.38458,5.6192015
112.39619,5.9751011
112.4078,3.4480922
112.41941,4.9103655
112.43102,9.6876256
112.44263,10.741151
112.45424,8.0696705
112.46585,10.637981
112.47746,9.0101368
112.48907,8.3472027
112.50068,10.147883
112.51229,8.0379618
112.5239,8.1762202
112.53551,9.1157943
112.54712,7.5410795
112.55873,7.9243397
112.57034,8.9303287
112.58195,6.9300895
112.59356,7.3077866
112.60517,8.5007691
112.61678,6.0427122
112.62839,6.5887797
112.64,7.4707892
112.65161,5.5285954
112.66322,5.1461316
112.67483,5.1490857
112.68644,3.7931379
112.69805,4.017425
112.70966,3.744555
112.72127,3.7095379
112.73288,3.2692473
112.74449,2.5053574
112.7561,2.9000566
112.76771,2.5239117
112.77932,2.6253001
112.79093,6.8643378
112.80254,9.4245407
112.81415,8.9593594
112.82576,8.7922593
112.83737,8.374197
112.84898,8.1879035
112.86059,8.1832729
112.8722,7.9616868
112.88381,7.6300915
112.89542,7.4038847
112.90703,7.3797867
112.91864,7.285817
112.93025,7.594471
112.94186,6.3547005
112.95347,8.7279014
112.96508,8.1278262
112.97669,4.4087621
112.9883,9.3641773
112.99991,7.1957544
113.01152,4.9406245
113.02313,8.6798592
113.03474,5.912194
113.04635,4.971078
113.05796,7.4442972
113.06957,4.8592438
113.08118,4.6030959
113.09279,6.5381168
113.1044,4.138089
113.11601,5.0997065
113.12762,6.2888302
113.13923,2.8575124
113.15084,5.2257678
113.16245,5.2003866
113.17406,2.0489957
113.18567,4.9394537
113.19728,4.4930985
113.20889,2.1351982
113.2205,4.7997125
113.23211,4.1786647
113.24372,3.5011858
113.25533,5.0545919
113.26694,5.4510879
113.27855,5.3969264
113.29016,4.5965278
113.30177,4.7049756
113.31338,4.4281155
113.32499,4.0377489
113.3366,4.1623568
113.34821,4.1107326
113.35982,4.0069439
113.37143,4.023071
113.38304,3.7313669
113.39465,4.053558
113.40626,3.6238691
113.41787,3.4232402
113.42948,3.5253667
113.44109,3.1745905
113.4527,3.3217168
113.46431,2.9507291
113.47592,2.7933224
113.48753,2.722464
113.49914,2.5516157
113.51075,2.6808442
113.52236,2.4898462
113.53397,3.5771128
113.54558,5.2098538
113.55719,8.8957215
113.5688,10.064484
113.58041,9.4770492
113.59202,9.1755276
113.60363,8.672815
113.61524,7.7948602
113.62685,7.2879998
113.63846,6.8887741
113.65007,6.9582738
113.66168,7.062276
113.67329,6.5356402
113.6849,6.6027191
113.69651,6.3624386
113.70812,5.9468662
113.71973,5.799652
113.73134,5.2837016
113.74295,5.4568978
113.75456,5.1524459
113.76617,4.5872331
113.77778,4.0885985
113.78939,4.4710886
113.801,4.538044
113.81261,4.4439217
113.82422,4.5533672
113.83583,4.5052547
113.84744,4.8883703
113.85905,4.6116191
113.87066,4.3905533
113.88227,4.4417004
113.89388,4.1758842
113.90549,5.7038777
113.9171,4.7447537
113.92871,7.3025058
113.94032,6.7748203
113.95193,6.0475442
113.96354,5.6977568
113.97515,5.8724374
113.98676,5.5169956
113.99837,5.2747888
114.00998,4.9820055
114.02159,4.6251941
114.0332,4.5846374
114.04481,4.4487868
114.05642,4.2090272
114.06803,3.9916323
114.07964,4.3791716
114.09125,4.2579489
114.10286,3.7696992
114.11447,3.427062
114.12608,3.3300595
114.13769,3.3579197
114.1493,3.0245439
114.16091,2.7413754
114.17252,2.8436326
114.18413,3.0826706
114.19574,2.7993178
114.20735,2.6299255
114.21896,2.8578518
114.23057,2.8935854
114.24218,2.4556729
114.25379,2.6991053
114.2654,2.7865183
114.27701,2.6890456
114.28862,2.6830036
114.30023,2.3104155
114.31184,2.3894405
114.32345,2.6360098
114.33506,2.4943794
114.34667,2.4912022
114.35828,2.5224255
114.36989,2.4806567
114.3815,2.1971509
114.39311,2.1685183
114.40472,2.2476033
114.41633,2.2859575
114.42794,2.1523053
114.43955,1.9009689
114.45116,2.0566523
114.46277,2.0670214
114.47438,3.3975292
114.48599,3.551774
114.4976,3.1276589
114.50921,3.0763518
114.52082,2.9775209
114.53243,3.2740543
114.54404,2.8637928
114.55565,3.1609785
114.56726,3.0830628
114.57887,3.2690963
114.59048,3.5747763
114.60209,3.3569756
114.6137,3.3039694
114.62531,3.5485051
114.63692,3.3877381
114.64853,3.2679279
114.66014,3.0562594
114.67175,3.0245645
114.68336,2.7982704
114.69497,2.8867705
114.70658,2.7369008
114.71819,2.6864741
114.7298,2.3968593
114.74141,2.5657873
114.75302,2.3795029
114.76463,2.3490029
114.77624,2.2297936
114.78785,2.5352837
114.79946,1.8731803
114.81107,2.5644167
114.82268,2.30548
114.83429,2.2434871
114.8459,2.6967627
114.85751,2.0519569
114.86912,2.4250415
114.88073,2.9109364
114.89234,3.0351879
114.90395,3.1664223
114.91556,3.4418516
114.92717,3.0102645
114.93878,2.166266
114.95039,2.488704
114.962,2.9293849
114.97361,3.2207179
114.98522,2.9198211
114.99683,2.4960315
115.00844,2.8381578
115.02005,2.6390601
115.03166,2.1856611
115.04327,3.0970433
115.05488,3.3446522
115.06649,3.0138762
115.0781,3.4466752
115.08971,3.6686852
115.10132,3.3848279
115.11293,2.6667158
115.12454,3.0652503
115.13615,3.6396986
115.14776,3.7256601
115.15937,6.1167691
115.17098,7.8977204
115.18259,7.9257692
115.1942,7.6822155
115.2058,7.372407
115.21741,7.714181
115.22902,7.6015226
115.24063,7.0624771
115.25224,7.306987
115.26385,6.6421929
115.27546,6.5925717
115.28707,6.8969443
115.29868,6.5405862
115.31029,6.0967451
115.3219,6.3341587
115.33351,6.0085201
115.34512,5.9560847
115.35673,7.9106222
115.36834,7.7903799
115.37995,3.0096777
115.39156,7.9067267
115.40317,7.3964781
115.41478,2.733953
115.42639,7.3430458
115.438,6.2326135
115.44961,3.168627
115.46122,6.3721773
115.47283,4.9616086
115.48444,4.0303097
115.49605,6.8480393
115.50766,4.667953
115.51927,4.6289367
115.53088,8.1236155
115.54249,4.5170966
115.5541,3.7962974
115.56571,7.2815267
115.57732,3.6841715
115.58893,3.4037394
115.60054,5.905961
115.61215,3.1332373
115.62376,3.9381216
115.63537,4.492657
115.64698,2.7428124
115.65859,6.1290388
115.6702,8.0852505
115.68181,10.384339
115.69342,10.318651
115.70503,9.974833
115.71664,9.2279538
115.72825,7.103112
115.73986,8.6381974
115.75147,7.9235901
115.76308,7.522281
115.77469,7.1719083
115.7863,5.2221714
115.79791,4.6755222
115.80952,5.0158482
115.82113,5.0843875
115.83274,5.1911093
115.84435,4.4224235
115.85596,4.5045489
115.86757,3.6139434
115.87918,4.4034279
115.89079,7.352244
115.9024,7.8282583
115.91401,7.0002122
115.92562,7.2437175
115.93723,6.7428599
115.94884,6.6796784
115.96045,5.2214282
115.97206,4.2612022
115.98367,6.9110695
115.99528,5.1705943
116.00689,7.1204522
116.0185,6.3276231
116.03011,6.4257347
116.04172,6.2015806
116.05333,6.0427254
116.06494,5.913123
116.07655,4.058223
116.08816,4.735239
116.09977,5.1559094
116.11138,9.5756944
116.12299,9.8437723
116.1346,9.1903492
116.14621,8.5337018
116.15782,7.9090502
116.16943,7.6680366
116.18104,4.8454382
116.19265,8.3735719
116.20426,6.4859029
116.21587,4.7830219
116.22748,7.0859519
116.23909,4.9687748
116.2507,5.5465447
116.26231,5.0983772
116.27392,3.2703402
116.28553,5.1071625
116.29714,3.910426
116.30875,4.8929081
116.32036,4.4008531
116.33197,4.3140673
116.34358,4.0439413
116.35519,3.9656709
116.3668,4.2049743
116.37841,3.1735879
116.39002,5.664024
116.40163,5.0122882
116.41324,5.1839608
116.42485,4.6842717
116.43646,4.7629248
116.44807,4.8030932
116.45968,4.1946641
116.47129,4.2687175
116.4829,3.9011201
116.49451,3.7698138
116.50612,2.6850276
116.51773,3.0656819
116.52934,3.7817791
116.54095,2.438628
116.55256,3.9766649
116.56417,3.4079375
116.57578,4.9001758
116.58739,4.2565193
116.599,5.5329542
116.61061,4.9717174
116.62222,5.0882038
116.63383,4.5225207
116.64544,4.3707981
116.65705,4.2555744
116.66866,3.6247267
116.68027,3.0984094
116.69188,2.5723905
116.70349,4.1653933
116.7151,3.3535775
116.72671,2.5003272
116.73832,2.0223605
116.74993,2.2024491
116.76154,1.5872597
116.77315,2.1743622
116.78476,1.696369
116.79637,2.130399
116.80798,1.5359733
116.81959,4.4689799
116.8312,2.9551929
116.84281,2.6963184
116.85442,2.8401179
116.86603,2.658103
116.87764,2.5387235
116.88925,2.3133681
116.90086,2.0982442
116.91247,2.0494071
116.92408,2.0861483
116.93569,1.8472765
116.9473,1.5969221
116.95891,1.5668099
116.97052,1.6918035
116.98213,6.2230617
116.99374,6.542683
117.00535,6.0969565
117.01696,6.2854853
117.02857,5.9232078
117.04018,5.131415
117.05179,4.8822871
117.0634,4.6259041
117.07501,4.2885421
117.08662,4.2160743
117.09823,3.91773
117.10984,3.4068222
117.12145,3.3707962
117.13306,4.2863963
117.14467,4.2936177
117.15628,3.9242926
117.16789,3.0561824
117.1795,3.5620621
117.19111,3.6898503
117.20272,3.1332267
117.21433,2.8204385
117.22594,2.6864782
117.23755,3.0663814
117.24916,3.0088009
117.26077,2.0928375
117.27238,3.5000557
117.28399,6.3329911
117.2956,6.3344167
117.30721,5.8801091
117.31882,5.7842096
117.33043,5.6002874
117.34204,5.5986289
117.35365,4.9273184
117.36526,4.3828482
117.37687,4.0684508
117.38848,3.8094827
117.40009,3.4575903
117.4117,3.1940105
117.42331,2.9935105
117.43492,2.8721409
117.44653,2.8841986
117.45814,2.9084509
117.46975,2.6981406
117.48136,1.900027
117.49297,1.6676851
117.50458,3.0523838
117.51619,2.6607217
117.5278,2.9239757
117.53941,3.2132038
117.55102,2.9032552
117.56263,2.9592146
117.57424,2.7148107
117.58585,2.3956425
117.59746,2.681783
117.60907,2.497144
117.62068,2.8721574
117.63229,2.1342844
117.6439,3.0007136
117.65551,2.2068673
117.66712,3.0300513
117.67873,2.178193
117.69034,2.581044
117.70195,2.3084545
117.71356,2.0877362
117.72517,2.2082923
117.73678,1.8115307
117.74839,1.9606642
117.76,1.9313538
117.77161,1.487881
117.78322,1.8751028
117.79483,1.6412631
117.80644,1.5383576
117.81805,1.529831
117.82966,1.5393479
117.84127,1.5242864
117.85288,1.5199311
117.86449,1.5320542
117.8761,1.4085001
117.88771,1.4847972
117.89932,1.3980708
117.91093,1.457796
117.92254,1.2689135
117.93415,1.2615433
117.94576,1.088688
117.95737,1.1065172
117.96898,1.1305241
117.98059,1.1249833
117.9922,1.0470523
118.00381,1.1750644
118.01542,1.1753375
118.02703,1.0982757
118.03864,1.0579891
118.05025,1.0848963
118.06186,1.0625644
118.07347,1.1114746
118.08508,1.0072259
118.09669,1.0154124
118.1083,0.90603651
118.11991,1.0315541
118.13152,0.97296784
118.14313,0.95892174
118.15474,0.9529241
118.16635,0.9252406
118.17796,1.0290082
118.18957,1.0010208
118.20118,1.0747398
118.21279,1.9891964
118.2244,2.4011989
118.23601,1.7648074
118.24762,2.3547067
118.25923,1.6617759
118.27084,1.5368792
118.28245,2.1039221
118.29406,1.5959651
118.30567,1.4469881
118.31728,1.5840294
118.32889,1.5394442
118.3405,1.6113438
118.35211,1.7398567
118.36372,1.6939003
118.37533,1.3106666
118.38694,1.5166641
118.39855,1.9487487
118.41016,1.7417984
118.42177,1.5363223
118.43338,1.6496166
118.44499,1.7314935
118.4566,1.677303
118.46821,1.4649701
118.47982,1.3249794
118.49143,1.2751777
118.50304,1.4020367
118.51465,1.5468822
118.52626,1.5282622
118.53787,1.2229052
118.54948,1.4110311
118.56109,1.6907621
118.5727,1.6388358
118.58431,1.310173
118.59592,1.2023344
118.60753,1.5831304
118.61914,1.4540929
118.63075,1.263606
118.64236,1.4230341
118.65397,1.4986725
118.66558,1.3896319
118.67719,1.4519428
118.6888,1.5401139
118.70041,1.3918132
118.71202,0.96629055
118.72363,1.4299079
118.73524,1.4334767
118.74685,1.0876828
118.75846,1.1204256
118.77007,1.3459235
118.78168,1.224679
118.79329,2.5431013
118.8049,3.3102002
118.81651,2.0016188
118.82812,1.7443974
118.83973,1.8016674
118.85134,1.9145369
118.86295,1.2673167
118.87456,1.4175093
118.88617,1.7375021
118.89778,1.7506399
118.90939,1.6536065
118.921,1.663336
118.93261,1.8209222
118.94422,1.3977136
118.95583,1.3568616
118.96744,1.7038718
118.97905,1.6077127
118.99066,1.4860446
119.00227,1.6310592
119.01388,1.7896704
119.02549,1.1575526
119.0371,1.2252341
119.04871,1.7035706
119.06032,1.4617841
119.07193,1.1793122
119.08354,1.5348394
119.09515,1.7601413
119.10676,1.2432091
119.11837,1.078714
119.12998,1.6300585
119.14159,1.6091189
119.1532,1.1235239
119.16481,1.1922356
119.17642,1.5470254
119.18803,1.3819764
119.19964,1.106254
119.21125,1.2956833
119.22286,1.4031385
119.23447,1.2284615
119.24608,1.173612
119.25769,1.3705798
119.2693,1.3416438
119.28091,0.91016135
119.29252,1.2314205
119.30413,1.4658014
119.31574,1.1856096
119.32735,0.91091827
119.33896,1.2803396
119.35057,1.1825911
119.36218,0.84230199
119.37379,2.4382122
119.3854,3.3901985
119.39701,3.0398602
119.40862,2.7698301
119.42023,2.896177
119.43184,2.449002
119.44345,1.961786
119.45506,2.0330888
119.46667,2.1143825
119.47828,2.0893306
119.48989,2.4634436
119.5015,1.8591841
119.51311,2.1615069
119.52472,2.1151456
119.53633,1.8739847
119.54794,1.9627734
119.55955,2.1135911
119.57116,2.3817113
119.58277,2.2760225
119.59438,2.4437988
119.60599,2.1903715
119.6176,2.3241039
119.62921,2.0894019
119.64082,2.0212895
119.65243,2.0832275
119.66404,2.1092814
119.67565,2.0994623
119.68726,1.9850958
119.69887,1.5798886
119.71048,1.5309328
119.72209,1.8433087
119.7337,1.5884384
119.74531,1.9893712
119.75692,1.37915
119.76853,1.9696663
119.78014,1.2569254
119.79175,1.457979
119.80336,1.2426285
119.81497,1.6907969
119.82658,1.6223337
119.83819,1.7275842
119.8498,1.6487593
119.86141,1.7258223
119.87302,1.5323051
119.88463,3.1417197
119.89624,3.6647424
119.90785,3.8833608
119.91946,4.2932942
119.93107,4.2853513
119.94268,4.8504387
119.95429,4.9322946
119.9659,4.2759537
119.97751,4.3778786
119.98912,4.1091141
120.00073,7.8321849
120.01234,6.0645158
120.02395,6.7432187
120.03556,6.2408043
120.04717,5.7230333
120.05878,5.5895367
120.07039,5.0176273
120.082,5.3605458
120.09361,5.6184869
120.10522,5.1318389
120.11683,4.6964967
120.12844,4.1831653
120.14005,4.9221895
120.15166,5.0099071
120.16327,4.5319112
120.17488,3.9640386
120.18649,4.0289274
120.1981,3.9830604
120.20971,4.1604539
120.22132,4.1199857
120.23293,3.4938474
120.24454,3.7721373
120.25615,3.9277515
120.26776,3.4728191
120.27937,3.4115012
120.29098,3.7007374
120.30259,3.1580752
120.3142,2.90325
120.3258,3.4231768
120.33741,3.3640424
120.34902,2.8165651
120.36063,3.0786328
120.37224,3.0127968
120.38385,2.7075549
120.39546,3.0003392
120.40707,2.774773
120.41868,2.2545487
120.43029,2.1712378
120.4419,2.4465864
120.45351,2.3258966
120.46512,2.2414342
120.47673,2.4109517
120.48834,2.3118914
120.49995,2.0745532
120.51156,2.2160051
120.52317,2.0517276
120.53478,1.9676451
120.54639,2.0400507
120.558,2.1759448
120.56961,2.1507005
120.58122,1.976466
120.59283,1.8948459
120.60444,1.8247206
120.61605,1.9271625
120.62766,1.987024
120.63927,1.7952036
120.65088,1.7933207
120.66249,1.7912359
120.6741,1.8033677
120.68571,1.6437437
120.69732,1.5360726
120.70893,1.5898717
120.72054,1.5708424
120.73215,1.5339351
120.74376,1.8241336
120.75537,1.383712
120.76698,1.6160358
120.77859,2.1443909
120.7902,3.0911829
120.80181,3.5083214
120.81342,3.1771951
120.82503,3.7867099
120.83664,3.6274843
120.84825,2.5316929
120.85986,2.960843
120.87147,3.0870121
120.88308,2.4869525
120.89469,2.96274
120.9063,3.4194941
120.91791,2.78072
120.92952,2.842503
120.94113,3.3454581
120.95274,2.8594393
120.96435,2.4312824
120.97596,3.0021802
120.98757,2.5870076
120.99918,2.2336996
121.01079,2.9316589
121.0224,2.8503006
121.03401,2.0525739
121.04562,2.6058351
121.05723,2.7487434
121.06884,2.1743453
121.08045,2.5254915
121.09206,2.8097585
121.10367,2.0115698
121.11528,2.0188738
121.12689,2.5454912
121.1385,1.9777314
121.15011,1.8567317
121.16172,2.4133122
121.17333,2.1792942
121.18494,1.6084666
121.19655,2.2583903
121.20816,2.1744955
121.21977,1.4800295
121.23138,1.871983
121.24299,1.872692
121.2546,1.0278164
121.26621,1.6794544
121.27782,2.1132533
121.28943,1.6183942
121.30104,1.5617018
121.31265,2.1254206
121.32426,1.8954816
121.33587,1.5399762
121.34748,2.21533
121.35909,1.8709079
121.3707,1.7233264
121.38231,2.6599472
121.39392,2.2449533
121.40553,2.1424672
121.41714,2.3585644
121.42875,1.9756112
121.44036,2.595219
121.45197,1.712323
121.46358,2.7309006
121.47519,1.5683979
121.4868,2.3421583
121.49841,2.7128581
121.51002,1.6828649
121.52163,2.1732738
121.53324,2.2423916
121.54485,2.5006504
121.55646,2.036482
121.56807,2.4901687
121.57968,2.1054715
121.59129,4.4506702
121.6029,3.8044381
121.61451,4.3836716
121.62612,4.1122138
121.63773,4.1159726
121.64934,4.1614334
121.66095,3.6263522
121.67256,4.2843006
121.68417,3.3094613
121.69578,4.1895964
121.70739,3.5967307
121.719,4.0729374
121.73061,4.5644652
121.74222,4.355655
121.75383,4.222884
121.76544,3.9927624
121.77705,3.6823705
121.78866,3.5874057
121.80027,3.5438526
121.81188,3.5152023
121.82349,3.3056095
121.8351,4.5888535
121.84671,4.6452799
121.85832,5.8407014
121.86993,4.2970772
121.88154,5.5918058
121.89315,4.5320149
121.90476,4.9451
121.91637,3.9832588
121.92798,3.4841566
121.93959,3.7131108
121.9512,3.9875436
121.96281,4.8749033
121.97442,3.4685794
121.98603,4.4880529
121.99764,2.7954509
122.00925,3.6635995
122.02086,2.4395413
122.03247,3.2934857
122.04408,2.6322921
122.05569,3.3100033
122.0673,2.65996
122.07891,2.6318534
122.09052,2.5777133
122.10213,2.8456357
122.11374,2.8077121
122.12535,3.1923629
122.13696,2.6149807
122.14857,3.0717585
122.16018,2.7014815
122.17179,2.4228256
122.1834,2.9664056
122.19501,3.2335564
122.20662,3.0840868
122.21823,3.4396572
122.22984,2.9391962
122.24145,2.951865
122.25306,3.0867486
122.26467,1.8396832
122.27628,3.2973882
122.28789,2.2062294
122.2995,3.7830241
122.31111,4.350395
122.32272,5.0903101
122.33433,6.7691531
122.34594,4.3312537
122.35755,6.3259673
122.36916,4.2961043
122.38077,5.9068266
122.39238,3.9283961
122.40399,4.5688713
122.4156,3.2904404
122.42721,3.7622862
122.43882,2.816965
122.45043,3.1419508
122.46204,3.5947804
122.47365,6.4671426
122.48526,7.5428005
122.49687,7.1279898
122.50848,6.6301507
122.52009,6.1162904
122.5317,5.973321
122.54331,6.0542079
122.55492,5.772156
122.56653,4.970829
122.57814,4.7429422
122.58975,4.8181367
122.60136,4.8445571
122.61297,4.4540297
122.62458,4.189984
122.63619,4.3431679
122.6478,3.9555562
122.65941,3.2423808
122.67102,3.1350222
122.68263,3.5553083
122.69424,3.5060292
122.70585,3.1125464
122.71746,3.2046024
122.72907,2.9591292
122.74068,2.6197018
122.75229,2.7745584
122.7639,2.8603245
122.77551,2.6629393
122.78712,2.6976527
122.79873,2.6229447
122.81034,2.2579681
122.82195,2.0005094
122.83356,1.9823668
122.84517,2.2588417
122.85678,2.1555035
122.86839,1.6112809
122.88,1.8062888
122.89161,1.7758706
122.90322,1.7310737
122.91483,1.6726435
122.92644,1.6823406
122.93805,1.7713718
122.94966,1.861842
122.96127,1.6828128
122.97288,1.450409
122.98449,1.5052608
122.9961,1.5701568
123.00771,1.5891157
123.01932,1.7178181
123.03093,1.5869975
123.04254,1.6079467
123.05415,1.3945981
123.06576,1.1280093
123.07737,1.4293394
123.08898,1.609393
123.10059,1.5799554
123.1122,1.2338191
123.12381,1.3556619
123.13542,1.4211661
123.14703,1.2155104
123.15864,1.1991379
123.17025,1.4050847
123.18186,1.5023625
123.19347,1.427943
123.20508,1.2466968
123.21669,1.2050619
123.2283,1.0604545
123.23991,1.2500083
123.25152,1.2474068
123.26313,1.178787
123.27474,1.2365314
123.28635,1.2569052
123.29796,1.1567918
123.30957,1.0667242
123.32118,0.89248451
123.33279,1.0171685
123.3444,1.4880669
123.35601,1.7741894
123.36762,1.6515328
123.37923,1.4216674
123.39084,1.6323259
123.40245,1.4542777
123.41406,1.4834306
123.42567,1.5800004
123.43728,1.3250593
123.44889,1.5361815
123.4605,1.4320221
123.47211,1.2023546
123.48372,1.5159721
123.49533,1.4151787
123.50694,1.3958572
123.51855,1.5333717
123.53016,1.3001341
123.54177,1.3972671
123.55338,1.4400707
123.56499,1.356635
123.5766,1.2689134
123.58821,1.2349344
123.59982,1.3261297
123.61143,1.2765768
123.62304,1.4062882
123.63465,1.1994422
123.64626,1.1831692
123.65787,1.2581327
123.66948,1.2661639
123.68109,1.3712352
123.6927,1.1887902
123.70431,1.2164682
123.71592,1.3462563
123.72753,0.98624277
123.73914,1.2546768
123.75075,1.2408885
123.76236,1.1428661
123.77397,1.2520507
123.78558,1.1117954
123.79719,1.18334
123.8088,1.0872558
123.82041,1.0328471
123.83202,1.0970624
123.84363,1.0757403
123.85524,1.1330995
123.86685,1.0434386
123.87846,1.043761
123.89007,0.97385486
123.90168,0.98892957
123.91329,1.0671389
123.9249,0.90945972
123.93651,1.0253187
123.94812,0.9836884
123.95973,0.95143804
123.97134,0.98671563
123.98295,0.84891262
123.99456,0.96471138
124.00617,1.0584819
124.01778,1.9887741
124.02939,2.7300347
124.041,2.7760482
124.05261,2.2131773
124.06422,2.46825
124.07583,1.6529682
124.08744,1.650058
124.09905,2.9842413
124.11066,4.4793044
124.12227,2.9698736
124.13388,3.1876024
124.14549,3.4271883
124.1571,3.0869998
124.16871,3.2248449
124.18032,3.4233509
124.19193,3.0680085
124.20354,2.889567
124.21515,2.6753394
124.22676,2.1749174
124.23837,2.2729805
124.24998,2.2568913
124.26159,1.7549993
124.2732,1.8915806
124.28481,2.0531396
124.29642,1.8713888
124.30803,1.8343956
124.31964,1.8162651
124.33125,1.5965245
124.34286,1.5488397
124.35447,1.6711917
124.36608,1.4385318
124.37769,1.3769346
124.3893,1.402257
124.40091,1.2470195
124.41252,1.2514732
124.42413,1.1708552
124.43574,1.2196726
124.44735,1.2366204
124.45896,1.2147756
124.47057,1.2218845
124.48218,1.2291508
124.49379,1.1692515
124.5054,1.2109997
124.51701,1.1144365
124.52862,1.0870981
124.54023,0.94429797
124.55184,0.8883257
124.56345,0.77234928
124.57506,0.76856412
124.58667,0.83006616
124.59828,0.93063563
124.60989,0.93479667
124.6215,0.87962098
124.63311,0.79710963
124.64472,0.73369343
124.65633,0.7638525
124.66794,0.80820996
124.67955,0.84568667
124.69116,5.2487257
124.70277,5.0427313
124.71438,3.2697814
124.72599,4.1612301
124.7376,3.8233729
124.74921,3.4887729
124.76082,3.3685852
124.77243,3.3038416
124.78404,3.0931341
124.79565,3.1089428
124.80726,2.0865438
124.81887,3.8764348
124.83048,3.864611
124.84209,8.0833887
124.8537,5.5835767
124.86531,6.0791587
124.87692,5.4112979
124.88853,5.7954039
124.90014,5.0699479
124.91175,4.9110236
124.92336,5.3766216
124.93497,5.5087541
124.94658,4.6234818
124.95819,4.1948664
124.9698,3.6725579
124.98141,3.113333
124.99302,3.1183413
125.00463,2.939777
125.01624,3.0900355
125.02785,3.1432449
125.03946,2.5146123
125.05107,2.6963418
125.06268,2.3782841
125.07429,2.4982571
125.0859,2.4479453
125.09751,2.4670931
125.10912,2.71173
125.12073,2.0058682
125.13234,2.7001689
125.14395,2.3688237
125.15556,2.6170881
125.16717,2.5920229
125.17878,2.3926749
125.19039,2.9274578
125.202,2.3364669
125.21361,2.9724597
125.22522,2.283913
125.23683,2.3793962
125.24844,2.2349039
125.26005,2.0214079
125.27166,2.481691
125.28327,1.9366291
125.29488,2.2138408
125.30649,1.9255776
125.3181,1.9733204
125.32971,2.0577701
125.34132,1.7446983
125.35293,1.8859581
125.36454,1.8024534
125.37615,1.8133217
125.38776,1.8366333
125.39937,1.9493201
125.41098,1.7809005
125.42259,1.7832397
125.4342,1.6536568
125.4458,1.8069553
125.45741,1.4480325
125.46902,1.9420333
125.48063,1.5458465
125.49224,1.8606391
125.50385,1.7725878
125.51546,1.8527057
125.52707,1.8423783
125.53868,1.753633
125.55029,2.0170832
125.5619,1.5028672
125.57351,2.0745254
125.58512,1.5880809
125.59673,2.0192885
125.60834,1.995382
125.61995,1.7985855
125.63156,1.8664621
125.64317,2.0544416
125.65478,1.704565
125.66639,1.7747823
125.678,2.0348229
125.68961,1.7522346
125.70122,1.8822583
125.71283,2.2353589
125.72444,2.5628194
125.73605,2.3152794
125.74766,2.4722837
125.75927,2.0999711
125.77088,2.0278218
125.78249,2.34031
125.7941,2.2213009
125.80571,2.1571884
125.81732,2.3794132
125.82893,2.0296722
125.84054,1.7265207
125.85215,1.9483303
125.86376,1.9421885
125.87537,1.6545978
125.88698,1.8864088
125.89859,1.8004798
125.9102,1.5166263
125.92181,1.6828632
125.93342,1.6056367
125.94503,1.2938119
125.95664,1.7451258
125.96825,1.4039269
125.97986,1.4816447
125.99147,1.7571588
126.00308,1.4396579
126.01469,1.8784176
126.0263,1.5932358
126.03791,1.69341
126.04952,1.4257558
126.06113,1.4897289
126.07274,1.5105574
126.08435,1.517412
126.09596,1.6121508
126.10757,1.3959551
126.11918,1.6122865
126.13079,1.5115969
126.1424,1.4972792
126.15401,1.7069614
126.16562,1.5704021
126.17723,1.498771
126.18884,1.6829861
126.20045,1.5830594
126.21206,1.4942246
126.22367,1.6619921
126.23528,1.6214122
126.24689,1.4798033
126.2585,1.6339986
126.27011,1.5388698
126.28172,1.5363053
126.29333,1.6054382
126.30494,1.5396075
126.31655,1.6820807
126.32816,1.5848134
126.33977,1.8078946
126.35138,1.6159832
126.36299,1.8277296
126.3746,1.627932
126.38621,1.57133
126.39782,1.4496039
126.40943,1.2422799
126.42104,1.5488608
126.43265,1.22533
126.44426,1.589391
126.45587,1.4525031
126.46748,1.6672561
126.47909,1.6508254
126.4907,1.6670838
126.50231,1.7713084
126.51392,1.615594
126.52553,1.6740367
126.53714,1.5185858
126.54875,1.4073047
126.56036,1.3392316
126.57197,1.1560142
126.58358,1.3133641
126.59519,1.0988545
126.6068,1.332268
126.61841,1.253544
126.63002,1.3670291
126.64163,1.4125849
126.65324,1.4568462
126.66485,1.4816363
126.67646,1.4246169
126.68807,1.3798604
126.69968,1.3786311
126.71129,1.241904
126.7229,1.7773974
126.73451,3.1513941
126.74612,1.9972612
126.75773,2.3514441
126.76934,2.9002223
126.78095,2.1878781
126.79256,2.4786765
126.80417,2.6284621
126.81578,1.986905
126.82739,2.5726255
126.839,2.3561806
126.85061,2.0061941
126.86222,2.4030482
126.87383,2.2344065
126.88544,1.8521015
126.89705,2.0259415
126.90866,1.9492978
126.92027,2.0906385
126.93188,2.0980357
126.94349,1.8900086
126.9551,2.1022755
126.96671,2.2544591
126.97832,1.9162944
126.98993,1.8852401
127.00154,2.1852994
127.01315,2.1273199
127.02476,1.8526207
127.03637,2.1348646
127.04798,2.1067726
127.05959,1.8908109
127.0712,1.9024072
127.08281,1.9929689
127.09442,1.8001236
127.10603,1.812606
127.11764,1.9741428
127.12925,1.8585822
127.14086,1.7297817
127.15247,1.8959164
127.16408,1.8884067
127.17569,1.6495352
127.1873,1.7501978
127.19891,1.8414699
127.21052,1.806486
127.22213,1.7992831
127.23374,1.9384134
127.24535,1.8938729
127.25696,1.8089412
127.26857,1.8702604
127.28018,1.9363605
127.29179,1.6874194
127.3034,1.7076952
127.31501,1.8344554
127.32662,1.6212801
127.33823,1.5578292
127.34984,1.6630932
127.36145,1.5338307
127.37306,1.4577426
127.38467,1.6037811
127.39628,1.5754614
127.40789,1.3870103
127.4195,1.429089
127.43111,1.54953
127.44272,1.4539617
127.45433,1.3318979
127.46594,1.4401614
127.47755,1.407668
127.48916,1.2901535
127.50077,1.375024
127.51238,1.4565021
127.52399,1.3207671
127.5356,1.2490547
127.54721,1.33442
127.55882,1.3242756
127.57043,1.2484546
127.58204,1.2429148
127.59365,1.2743888
127.60526,1.2044662
127.61687,1.2077676
127.62848,1.2799091
127.64009,1.1814227
127.6517,1.3358563
127.66331,2.0342039
127.67492,2.1586926
127.68653,2.398055
127.69814,2.0279376
127.70975,2.4990583
127.72136,2.2480983
127.73297,2.1507627
127.74458,2.6873018
127.75619,2.024225
127.7678,2.3398306
127.77941,2.3774146
127.79102,1.6850885
127.80263,2.4663797
127.81424,1.6043619
127.82585,1.85506
127.83746,2.3574685
127.84907,1.48428
127.86068,2.22988
127.87229,2.075136
127.8839,1.7672826
127.89551,2.2511903
127.90712,2.0455186
127.91873,1.9208472
127.93034,1.8619968
127.94195,2.0373588
127.95356,1.8959443
127.96517,1.8224956
127.97678,1.9782174
127.98839,1.7243466
128,1.7357303
128.01161,2.1249971
128.02322,1.586379
128.03483,1.790292
128.04644,1.8055099
128.05805,1.4896019
128.06966,1.779024
128.08127,1.627595
128.09288,1.4588051
128.10449,1.4601726
128.1161,1.343636
128.12771,1.7057626
128.13932,1.3629555
128.15093,1.2226467
128.16254,1.6970349
128.17415,1.2631028
128.18576,1.2528038
128.19737,1.4906063
128.20898,1.0761168
128.22059,1.3498951
128.2322,1.4935659
128.24381,1.1593998
128.25542,1.4330155
128.26703,1.4436177
128.27864,1.1803909
128.29025,1.3757033
128.30186,1.2499702
128.31347,1.1284694
128.32508,1.5156928
128.33669,1.2587549
128.3483,0.88660129
128.35991,1.2842218
128.37152,1.3740897
128.38313,1.944261
128.39474,2.2388848
128.40635,2.0168502
128.41796,2.3040292
128.42957,2.5817244
128.44118,1.7100925
128.45279,2.41886
128.4644,2.2530419
128.47601,1.938161
128.48762,2.4092703
128.49923,2.1287615
128.51084,2.182006
128.52245,2.2983637
128.53406,1.9388727
128.54567,2.2132822
128.55728,2.0020032
128.56889,2.0398071
128.5805,1.9295353
128.59211,1.8508145
128.60372,2.1270476
128.61533,1.6842898
128.62694,1.959368
128.63855,2.1970892
128.65016,1.4208206
128.66177,2.0707576
128.67338,1.9721074
128.68499,1.3557362
128.6966,1.8960305
128.70821,1.7287238
128.71982,1.5916364
128.73143,1.6129156
128.74304,1.7563088
128.75465,1.7041895
128.76626,1.3358531
128.77787,1.8692719
128.78948,1.4844834
128.80109,1.2313676
128.8127,1.7657362
128.82431,1.0876592
128.83592,1.1115358
128.84753,1.6237014
128.85914,1.0377316
128.87075,1.111655
128.88236,1.5178729
128.89397,1.0290113
128.90558,1.154763
128.91719,1.4730647
128.9288,1.0479322
128.94041,1.0113474
128.95202,1.4067368
128.96363,1.0851141
128.97524,1.0558365
128.98685,1.347866
128.99846,0.9743932
129.01007,1.2163848
129.02168,1.330878
129.03329,0.94490075
129.0449,1.0964513
129.05651,1.1808158
129.06812,0.84801931
129.07973,0.98758409
129.09134,1.0666938
129.10295,0.89264136
129.11456,0.98053173
129.12617,0.963742
129.13778,0.9342007
129.14939,0.94399102
129.161,0.96307444
129.17261,0.97868608
129.18422,0.90471174
129.19583,0.89397698
129.20744,1.0306325
129.21905,0.88727642
129.23066,0.77229118
129.24227,1.0229771
129.25388,0.9432475
129.26549,0.7976437
129.2771,0.97004285
129.28871,0.96909201
129.30032,0.79234386
129.31193,0.93069271
129.32354,0.98570302
129.33515,0.83855161
129.34676,0.91156116
129.35837,1.1766492
129.36998,2.7259779
129.38159,4.3816715
129.3932,4.3064344
129.40481,4.8183281
129.41642,4.7265591
129.42803,4.8530367
129.43964,4.187733
129.45125,3.9599251
129.46286,3.9325447
129.47447,3.6634774
129.48608,3.3688554
129.49769,3.1705455
129.5093,3.4422002
129.52091,3.324937
129.53252,2.9794773
129.54413,3.1886672
129.55574,3.1925201
129.56735,3.0083264
129.57896,2.6616824
129.59057,2.5004797
129.60218,2.4733186
129.61379,2.4666549
129.6254,2.266861
129.63701,2.265346
129.64862,2.1945028
129.66023,2.2078625
129.67184,2.0235756
129.68345,1.6616981
129.69506,2.3775389
129.70667,3.4246411
129.71828,5.173606
129.72989,5.3665785
129.7415,4.7405339
129.75311,4.0849864
129.76472,5.0785032
129.77633,4.9659799
129.78794,3.8819012
129.79955,4.6791994
129.81116,4.7633326
129.82277,4.043417
129.83438,4.0549193
129.84599,4.5132566
129.8576,4.1731257
129.86921,3.4513834
129.88082,3.810756
129.89243,3.9030666
129.90404,3.3870725
129.91565,3.09838
129.92726,3.6261655
129.93887,3.4978769
129.95048,2.6132293
129.96209,3.1229367
129.9737,3.3113406
129.98531,2.5723284
129.99692,2.3428686
130.00853,3.5464503
130.02014,3.6993648
130.03175,3.6229871
130.04336,3.4713316
130.05497,3.6588911
130.06658,3.3253879
130.07819,3.5937186
130.0898,3.3277969
130.10141,3.1963969
130.11302,3.6972106
130.12463,3.1068966
130.13624,3.2522834
130.14785,3.3526794
130.15946,2.6770775
130.17107,3.413464
130.18268,3.1358927
130.19429,2.5609075
130.2059,3.5455555
130.21751,2.6274544
130.22912,2.7215248
130.24073,3.2400064
130.25234,2.8217511
130.26395,3.1624271
130.27556,2.7548618
130.28717,2.9983244
130.29878,2.9870642
130.31039,2.4375229
130.322,3.0931883
130.33361,2.483579
130.34522,2.7186428
130.35683,2.9668155
130.36844,2.1419399
130.38005,2.6358964
130.39166,2.6841689
130.40327,2.0289411
130.41488,2.3970399
130.42649,2.365803
130.4381,2.1741545
130.44971,2.4017552
130.46132,2.0294977
130.47293,2.483242
130.48454,2.1380632
130.49615,1.9285856
130.50776,2.4536774
130.51937,2.91838
130.53098,3.8668364
130.54259,3.729737
130.5542,4.2673734
130.5658,4.5795588
130.57741,4.1517607
130.58902,3.5658165
130.60063,3.9606851
130.61224,3.4535435
130.62385,2.9674215
130.63546,3.1564148
130.64707,3.5177911
130.65868,3.9345291
130.67029,4.1673821
130.6819,3.9146147
130.69351,4.3021249
130.70512,3.4956193
130.71673,3.8305635
130.72834,3.2789097
130.73995,2.9181833
130.75156,2.7640045
130.76317,2.7657218
130.77478,2.9304369
130.78639,3.9156701
130.798,3.5977275
130.80961,4.1202097
130.82122,3.5538103
130.83283,3.6359316
130.84444,3.1729204
130.85605,3.4423146
130.86766,2.8572629
130.87927,2.4567884
130.89088,3.2914643
130.90249,3.1070078
130.9141,3.6656997
130.92571,3.6379951
130.93732,2.973688
130.94893,4.2567885
130.96054,3.6924528
130.97215,3.6986937
130.98376,4.4897171
130.99537,3.0004776
131.00698,3.5224903
131.01859,2.6814363
131.0302,3.6733484
131.04181,2.8818442
131.05342,3.1400865
131.06503,3.130987
131.07664,5.4844673
131.08825,4.1789119
131.09986,3.98872
131.11147,3.0532353
131.12308,3.0338504
131.13469,4.1586405
131.1463,3.917812
131.15791,3.1881553
131.16952,3.0737019
131.18113,2.0324845
131.19274,2.84421
131.20435,2.1004062
131.21596,1.9209907
131.22757,2.0001892
131.23918,1.5969768
131.25079,2.1950239
131.2624,2.5050867
131.27401,2.7399674
131.28562,1.9990539
131.29723,1.9856259
131.30884,1.4979012
131.32045,1.7164135
131.33206,2.159471
131.34367,2.4078277
131.35528,2.5530469
131.36689,2.1260254
131.3785,2.6579733
131.39011,2.9116313
131.40172,3.2602182
131.41333,2.7305915
131.42494,2.6974242
131.43655,2.4241992
131.44816,2.5016695
131.45977,2.3701189
131.47138,1.9022856
131.48299,2.3084946
131.4946,2.2503687
131.50621,3.0495194
131.51782,2.5943444
131.52943,2.7418338
131.54104,2.5113277
131.55265,3.1381782
131.56426,3.4129515
131.57587,3.4728668
131.58748,3.566873
131.59909,3.6117693
131.6107,3.5022617
131.62231,3.7972203
131.63392,2.8467362
131.64553,3.7793874
131.65714,2.6129447
131.66875,3.9577052
131.68036,3.2252095
131.69197,3.413899
131.70358,3.7083929
131.71519,2.998488
131.7268,3.8626592
131.73841,2.9161801
131.75002,3.6040644
131.76163,3.1621202
131.77324,3.1646586
131.78485,3.6677582
131.79646,2.6591554
131.80807,3.3689339
131.81968,2.3765749
131.83129,3.0753153
131.8429,3.2251302
131.85451,2.9486918
131.86612,3.493938
131.87773,2.2613975
131.88934,3.1693753
131.90095,2.2983844
131.91256,2.5178672
131.92417,2.8158999
131.93578,2.1016985
131.94739,3.1433434
131.959,2.4005901
131.97061,2.9348114
131.98222,2.5870396
131.99383,2.503875
132.00544,2.6832886
132.01705,1.864108
132.02866,2.8817813
132.04027,1.8811158
132.05188,2.5206511
132.06349,2.8030766
132.0751,3.6776667
132.08671,4.7476038
132.09832,4.4263326
132.10993,5.2948777
132.12154,3.6870275
132.13315,3.7567027
132.14476,4.8186851
132.15637,3.4207799
132.16798,5.3386784
132.17959,3.8046635
132.1912,3.2147014
132.20281,4.7809456
132.21442,4.1305795
132.22603,4.5214308
132.23764,3.8155437
132.24925,3.1913507
132.26086,3.9396314
132.27247,3.6671714
132.28408,4.1051406
132.29569,3.2578588
132.3073,3.3725599
132.31891,3.7438691
132.33052,3.3517719
132.34213,4.0538339
132.35374,3.9156584
132.36535,2.8159217
132.37696,3.4483974
132.38857,3.4331202
132.40018,3.3000257
132.41179,3.8730046
132.4234,2.7761733
132.43501,2.9941848
132.44662,3.8036023
132.45823,2.5603471
132.46984,3.8264953
132.48145,3.0008098
132.49306,2.3814198
132.50467,2.9148223
132.51628,3.0489418
132.52789,2.9666096
132.5395,2.2953771
132.55111,2.5666972
132.56272,2.0270935
132.57433,2.0117988
132.58594,3.2453449
132.59755,6.154721
132.60916,7.3288745
132.62077,6.1672147
132.63238,5.5504878
132.64399,6.3907593
132.6556,6.376131
132.66721,6.4176476
132.67882,6.252733
132.69043,5.8338518
132.70204,5.7673329
132.71365,5.7574089
132.72526,5.326078
132.73687,5.1974145
132.74848,5.2679548
132.76009,5.100935
132.7717,4.8785284
132.78331,4.8541676
132.79492,4.617582
132.80653,4.5758725
132.81814,7.224066
132.82975,8.1630346
132.84136,6.6774201
132.85297,5.6229014
132.86458,7.2780727
132.87619,6.9887334
132.8878,5.5841275
132.89941,6.194399
132.91102,6.7790941
132.92263,5.8675296
132.93424,5.5454567
132.94585,6.5441325
132.95746,6.0857434
132.96907,4.6358794
132.98068,5.6846295
132.99229,5.8275523
133.0039,4.5812819
133.01551,4.5759357
133.02712,5.5325993
133.03873,4.9617215
133.05034,3.7380736
133.06195,5.6309668
133.07356,6.4964595
133.08517,4.3147707
133.09678,4.2045045
133.10839,5.0944325
133.12,3.4945978
133.13161,4.7974935
133.14322,4.3607353
133.15483,2.8697267
133.16644,4.344626
133.17805,3.4692911
133.18966,3.3868972
133.20127,4.0416377
133.21288,3.1920422
133.22449,3.6258374
133.2361,3.0854622
133.24771,2.8798036
133.25932,3.6002867
133.27093,2.7830008
133.28254,2.7604527
133.29415,3.3380744
133.30576,2.8136653
133.31737,2.8577476
133.32898,2.7476213
133.34059,3.1553778
133.3522,2.8130245
133.36381,2.4993713
133.37542,3.0513621
133.38703,2.1764907
133.39864,2.2881977
133.41025,2.6674211
133.42186,2.0511082
133.43347,2.4233272
133.44508,2.2999327
133.45669,2.4651283
133.4683,2.406082
133.47991,2.2375332
133.49152,3.8286725
133.50313,4.100533
133.51474,3.9570242
133.52635,3.6978868
133.53796,4.5037009
133.54957,4.2014236
133.56118,3.5181511
133.57279,4.2153721
133.5844,2.7812209
133.59601,4.3016468
133.60762,3.7900164
133.61923,4.1532115
133.63084,3.411994
133.64245,4.9940057
133.65406,4.2671007
133.66567,4.8027535
133.67728,4.7592739
133.68889,4.1484625
133.7005,3.2586201
133.71211,3.2356587
133.72372,4.5127628
133.73533,3.4055936
133.74694,3.8450666
133.75855,3.7110408
133.77016,4.1196138
133.78177,4.4870182
133.79338,4.6865739
133.80499,3.6267965
133.8166,4.6864708
133.82821,3.2059465
133.83982,4.2214128
133.85143,3.4455809
133.86304,4.9765653
133.87465,4.1292814
133.88626,5.8835035
133.89787,4.4965092
133.90948,5.6397519
133.92109,4.1808332
133.9327,4.8739292
133.94431,4.2671485
133.95592,4.129166
133.96753,4.3436269
133.97914,4.0564122
133.99075,3.8747846
134.00236,5.1226254
134.01397,6.8893974
134.02558,3.9416754
134.03719,5.7785246
134.0488,4.2109996
134.06041,3.6328841
134.07202,5.2676469
134.08363,2.9348638
134.09524,5.152411
134.10685,2.9724654
134.11846,4.5647184
134.13007,2.7493629
134.14168,4.9055194
134.15329,5.8129167
134.1649,4.3678344
134.17651,5.6817477
134.18812,4.6693119
134.19973,5.3858986
134.21134,5.2191551
134.22295,5.0635686
134.23456,5.6365322
134.24617,4.7169351
134.25778,5.3703718
134.26939,4.6156123
134.281,5.5152733
134.29261,5.9901896
134.30422,5.4377867
134.31583,6.563751
134.32744,5.8715814
134.33905,5.95046
134.35066,5.6233088
134.36227,5.3873905
134.37388,5.7063395
134.38549,5.0830342
134.3971,5.6590374
134.40871,5.4607405
134.42032,5.7083218
134.43193,3.5386203
134.44354,3.9148621
134.45515,3.2178416
134.46676,4.4356523
134.47837,3.4328792
134.48998,3.8321874
134.50159,3.9988693
134.5132,2.7761148
134.52481,3.6985072
134.53642,2.9838398
134.54803,2.9336738
134.55964,2.5720232
134.57125,2.939569
134.58286,3.0525474
134.59447,2.4688051
134.60608,2.7409248
134.61769,2.2316479
134.6293,2.7396773
134.64091,2.632219
134.65252,2.5388248
134.66413,3.1558143
134.67574,2.2784553
134.68735,2.9197212
134.69896,2.1625004
134.71057,2.7255228
134.72218,2.7475641
134.73379,2.2763065
134.7454,3.2010668
134.75701,1.7854857
134.76862,2.7251485
134.78023,2.1713815
134.79184,2.554346
134.80345,2.9136096
134.81506,2.4841872
134.82667,3.1005655
134.83828,2.0174963
134.84989,2.4636819
134.8615,2.0009841
134.87311,1.9469567
134.88472,4.3927592
134.89633,5.4196346
134.90794,5.700007
134.91955,4.4399172
134.93116,4.360288
134.94277,6.0058712
134.95438,5.0876047
134.96599,5.7034851
134.9776,4.9897761
134.98921,4.7184629
135.00082,5.0527055
135.01243,4.6926282
135.02404,5.3886054
135.03565,5.2013482
135.04726,4.8003822
135.05887,4.8406061
135.07048,5.1119181
135.08209,4.4751418
135.0937,5.4028598
135.10531,4.6915367
135.11692,4.0452413
135.12853,4.8349502
135.14014,4.4229876
135.15175,4.9670468
135.16336,4.5719161
135.17497,4.4148721
135.18658,4.417966
135.19819,4.3300466
135.2098,4.2414193
135.22141,4.6810799
135.23302,4.1526951
135.24463,3.3411758
135.25624,4.1460952
135.26785,4.435062
135.27946,3.0037612
135.29107,3.2961357
135.30268,3.4641403
135.31429,5.38731
135.3259,3.6680608
135.33751,3.183987
135.34912,4.8128744
135.36073,5.0503711
135.37234,2.881882
135.38395,4.8142535
135.39556,3.2044237
135.40717,4.3113187
135.41878,4.2156169
135.43039,3.4422305
135.442,3.7033767
135.45361,2.3785199
135.46522,4.5964133
135.47683,3.1567634
135.48844,4.3075364
135.50005,4.7642872
135.51166,6.4676742
135.52327,5.2916265
135.53488,5.2567974
135.54649,5.6232755
135.5581,5.123954
135.56971,6.2453942
135.58132,5.6537762
135.59293,6.1402575
135.60454,5.3328241
135.61615,5.8647879
135.62776,4.5599365
135.63937,4.8827699
135.65098,4.2105302
135.66259,5.1851793
135.6742,4.7477503
135.6858,5.6254918
135.69741,5.1835603
135.70902,4.7514335
135.72063,5.6600703
135.73224,5.3640543
135.74385,5.760305
135.75546,4.2291044
135.76707,5.5392248
135.77868,4.6788101
135.79029,4.913323
135.8019,5.5834725
135.81351,4.0092298
135.82512,5.6917056
135.83673,5.102541
135.84834,6.0080218
135.85995,5.4610905
135.87156,5.8613163
135.88317,5.0511733
135.89478,5.257684
135.90639,3.4966294
135.918,4.8851039
135.92961,3.4699083
135.94122,4.4811252
135.95283,4.7534578
135.96444,5.1775188
135.97605,5.123871
135.98766,4.9481507
135.99927,4.547366
136.01088,4.1114831
136.02249,3.9034158
136.0341,3.5085862
136.04571,3.7499333
136.05732,4.7166154
136.06893,3.9643411
136.08054,4.7073581
136.09215,3.8530169
136.10376,4.8755782
136.11537,3.5983751
136.12698,4.0189235
136.13859,2.9507791
136.1502,3.0773
136.16181,3.0974133
136.17342,3.7401086
136.18503,4.0359494
136.19664,4.2300228
136.20825,5.0331124
136.21986,6.4469447
136.23147,5.1797664
136.24308,5.7580512
136.25469,5.1924911
136.2663,7.6794631
136.27791,6.4095398
136.28952,6.454724
136.30113,5.7345816
136.31274,4.7634915
136.32435,5.10331
136.33596,5.2516417
136.34757,5.6226852
136.35918,6.2290322
136.37079,5.1135598
136.3824,5.5701694
136.39401,4.7866688
136.40562,6.2559371
136.41723,4.5808388
136.42884,4.8830819
136.44045,4.2344444
136.45206,4.195881
136.46367,5.3216877
136.47528,4.0467162
136.48689,6.0760039
136.4985,4.2240648
136.51011,4.7554152
136.52172,4.3064121
136.53333,3.9720349
136.54494,4.4820758
136.55655,3.9600232
136.56816,4.0014944
136.57977,4.644311
136.59138,3.8185591
136.60299,4.9087873
136.6146,4.6838363
136.62621,4.0541274
136.63782,3.0495655
136.64943,3.6909615
136.66104,3.6025591
136.67265,4.7379787
136.68426,7.9444543
136.69587,12.42469
136.70748,10.328711
136.71909,9.7077675
136.7307,8.8901358
136.74231,8.0419747
136.75392,10.711799
136.76553,9.828299
136.77714,9.167014
136.78875,10.275589
136.80036,9.6217735
136.81197,9.4859697
136.82358,9.9717434
136.83519,8.6934056
136.8468,8.113124
136.85841,8.0918332
136.87002,7.3475388
136.88163,8.2706882
136.89324,11.166069
136.90485,11.193415
136.91646,8.2957648
136.92807,7.0640266
136.93968,10.44684
136.95129,8.6415451
136.9629,4.9947364
136.97451,8.4634155
136.98612,8.2902785
136.99773,5.4505248
137.00934,6.1142832
137.02095,6.9944904
137.03256,5.5965621
137.04417,3.7734046
137.05578,5.4780501
137.06739,5.3696064
137.079,3.5497627
137.09061,8.3179637
137.10222,11.617276
137.11383,17.775488
137.12544,16.652505
137.13705,15.534864
137.14866,14.916415
137.16027,12.700142
137.17188,14.290815
137.18349,13.37001
137.1951,12.742864
137.20671,12.660956
137.21832,11.031665
137.22993,10.659387
137.24154,9.6806286
137.25315,8.9312666
137.26476,9.0494425
137.27637,8.3724331
137.28798,8.6886546
137.29959,9.3500431
137.3112,8.3212613
137.32281,9.1787036
137.33442,8.4584059
137.34603,7.810201
137.35764,7.5468842
137.36925,5.260487
137.38086,6.1398601
137.39247,5.5987857
137.40408,7.3187711
137.41569,7.6936727
137.4273,7.9454878
137.43891,8.25059
137.45052,7.0988303
137.46213,6.7841136
137.47374,5.8097947
137.48535,4.441075
137.49696,4.2564181
137.50857,5.0193072
137.52018,5.8556119
137.53179,5.953339
137.5434,6.3153992
137.55501,5.6761559
137.56662,5.7302715
137.57823,6.8818024
137.58984,11.098551
137.60145,14.710076
137.61306,12.773119
137.62467,10.919848
137.63628,11.066431
137.64789,12.707624
137.6595,8.3581849
137.67111,12.875697
137.68272,7.7649518
137.69433,10.756515
137.70594,8.8226394
137.71755,8.7311821
137.72916,9.9880639
137.74077,8.5416416
137.75238,10.518722
137.76399,8.4768282
137.7756,8.4005804
137.78721,8.8228787
137.79882,6.3648797
137.81043,8.6177199
137.82204,5.8810433
137.83365,8.2387952
137.84526,8.1589793
137.85687,6.9647572
137.86848,8.3905224
137.88009,6.1663336
137.8917,8.6918506
137.90331,6.9505403
137.91492,9.1152864
137.92653,6.3280039
137.93814,6.0548856
137.94975,5.6256986
137.96136,6.7769427
137.97297,5.7468659
137.98458,6.842027
137.99619,5.0459112
138.0078,5.2680634
138.01941,5.0833302
138.03102,5.6847852
138.04263,4.9683894
138.05424,4.6559816
138.06585,4.8026734
138.07746,4.9198933
138.08907,6.6030523
138.10068,10.2116
138.11229,11.235569
138.1239,10.138482
138.13551,9.7938755
138.14712,8.1843741
138.15873,9.6135817
138.17034,7.3450205
138.18195,8.6827625
138.19356,7.6454623
138.20517,7.5526618
138.21678,7.3350502
138.22839,6.3559936
138.24,7.9025673
138.25161,6.1220202
138.26322,6.9363661
138.27483,7.4593451
138.28644,6.7979489
138.29805,9.9420738
138.30966,15.718094
138.32127,15.94085
138.33288,14.666296
138.34449,12.910647
138.3561,11.726246
138.36771,12.015131
138.37932,12.009984
138.39093,12.64828
138.40254,12.013617
138.41415,11.675287
138.42576,10.430747
138.43737,10.016585
138.44898,8.6252269
138.46059,8.5027828
138.4722,7.9383026
138.48381,7.5315611
138.49542,7.7793208
138.50703,7.3812729
138.51864,8.2042899
138.53025,7.6111801
138.54186,8.33077
138.55347,7.3358224
138.56508,6.2797353
138.57669,6.4260135
138.5883,5.3788493
138.59991,12.170786
138.61152,14.006676
138.62313,12.441169
138.63474,12.083706
138.64635,9.7370817
138.65796,10.289669
138.66957,10.661967
138.68118,10.701271
138.69279,11.123089
138.7044,11.177886
138.71601,10.293282
138.72762,10.237695
138.73923,10.077431
138.75084,8.6304771
138.76245,8.7931462
138.77406,8.3864281
138.78567,7.2443927
138.79728,7.406437
138.80889,7.1065609
138.8205,6.7971991
138.83211,7.6399633
138.84372,7.1628916
138.85533,6.9144558
138.86694,7.1082297
138.87855,6.8520785
138.89016,6.1804846
138.90177,6.4003419
138.91338,5.9368767
138.92499,5.316909
138.9366,5.5855291
138.94821,5.1246207
138.95982,4.1589143
138.97143,4.3072565
138.98304,4.1067286
138.99465,3.9676509
139.00626,3.9762279
139.01787,3.8210088
139.02948,3.5609331
139.04109,3.9898685
139.0527,3.5310812
139.06431,3.5387909
139.07592,3.8363809
139.08753,3.1719098
139.09914,3.3897686
139.11075,5.9044629
139.12236,10.854162
139.13397,10.059219
139.14558,10.855078
139.15719,10.991643
139.1688,10.18785
139.18041,8.6743219
139.19202,8.9899646
139.20363,8.333211
139.21524,5.158936
139.22685,8.5563075
139.23846,8.3891097
139.25007,4.2966248
139.26168,6.7068864
139.27329,7.7915247
139.2849,6.1177962
139.29651,4.2145451
139.30812,6.9586567
139.31973,7.3594246
139.33134,4.9145266
139.34295,7.0396127
139.35456,6.9532209
139.36617,4.6037594
139.37778,6.2704252
139.38939,6.2039765
139.401,4.5600471
139.41261,4.6797865
139.42422,5.5107929
139.43583,5.5084452
139.44744,4.9567215
139.45905,6.0784442
139.47066,6.6663541
139.48227,5.4603813
139.49388,5.267547
139.50549,6.2718824
139.5171,6.0656187
139.52871,4.9262811
139.54032,5.6464781
139.55193,5.9905408
139.56354,4.5943758
139.57515,4.46201
139.58676,5.1490247
139.59837,4.3552801
139.60998,4.0395831
139.62159,5.1046658
139.6332,4.9103902
139.64481,4.3688753
139.65642,5.6622286
139.66803,5.8778822
139.67964,3.8248573
139.69125,7.0253586
139.70286,5.7466508
139.71447,6.2159951
139.72608,4.2898129
139.73769,4.885555
139.7493,6.6102884
139.76091,4.8718283
139.77252,6.2876773
139.78413,6.825831
139.79574,4.8511272
139.80735,5.8894914
139.81896,4.8587684
139.83057,5.625165
139.84218,5.1305133
139.85379,4.4101572
139.8654,4.7563263
139.87701,4.0980117
139.88862,4.3690678
139.90023,4.0081097
139.91184,3.9935714
139.92345,4.4816318
139.93506,3.7553988
139.94667,4.7581173
139.95828,4.4586003
139.96989,3.4711841
139.9815,4.6482147
139.99311,4.3399032
140.00472,6.3431417
140.01633,8.9570495
140.02794,9.4777232
140.03955,9.3052148
140.05116,8.3487403
140.06277,8.6470775
140.07438,7.7564659
140.08599,7.6761431
140.0976,7.2907263
140.10921,5.9816842
140.12082,6.7581539
140.13243,6.2316255
140.14404,5.126609
140.15565,5.0332971
140.16726,5.4389378
140.17887,5.3959546
140.19048,4.9438734
140.20209,4.6671447
140.2137,4.0012941
140.22531,3.9016555
140.23692,4.0533411
140.24853,2.7064439
140.26014,3.299574
140.27175,3.9638446
140.28336,2.8230204
140.29497,2.8391916
140.30658,3.0490431
140.31819,2.9364365
140.3298,2.9741778
140.34141,3.1527088
140.35302,2.562022
140.36463,2.8779785
140.37624,3.291564
140.38785,2.6068861
140.39946,2.9275007
140.41107,3.5612528
140.42268,3.3373911
140.43429,3.3453255
140.4459,6.4085665
140.45751,9.0605345
140.46912,8.9501398
140.48073,9.7499706
140.49234,8.8241719
140.50395,8.5801521
140.51556,9.1853658
140.52717,8.0610012
140.53878,8.0980248
140.55039,7.9165283
140.562,7.8027743
140.57361,8.6913665
140.58522,7.3671972
140.59683,7.4379627
140.60844,7.7324777
140.62005,7.2839669
140.63166,7.1761589
140.64327,6.9350078
140.65488,6.468525
140.66649,6.1732932
140.6781,6.1870814
140.68971,5.6042696
140.70132,5.4249347
140.71293,5.0402683
140.72454,5.1907804
140.73615,5.1456707
140.74776,4.6956625
140.75937,4.7141757
140.77098,4.8895935
140.78259,4.7378591
140.7942,4.6669165
140.8058,4.3506443
140.81741,3.8990519
140.82902,3.6311967
140.84063,3.4241307
140.85224,3.2408684
140.86385,2.7910004
140.87546,2.4417527
140.88707,2.6109742
140.89868,2.2287622
140.91029,2.1086256
140.9219,2.1814171
140.93351,2.0719209
140.94512,2.0020249
140.95673,1.8287231
140.96834,1.7465919
140.97995,1.7169118
140.99156,1.5789056
141.00317,1.6052063
141.01478,1.5233538
141.02639,1.7229574
141.038,1.7030444
141.04961,1.5456794
141.06122,1.6116933
141.07283,1.6299142
141.08444,1.7317931
141.09605,1.7067857
141.10766,2.0290461
141.11927,2.345824
141.13088,2.2898218
141.14249,2.4307632
141.1541,2.5826534
141.16571,2.4932984
141.17732,2.4599378
141.18893,2.5005608
141.20054,2.5320698
141.21215,2.4633523
141.22376,2.5230133
141.23537,2.6469666
141.24698,2.6897425
141.25859,2.6550887
141.2702,2.9077764
141.28181,2.9242649
141.29342,2.8963091
141.30503,2.9558276
141.31664,2.7828063
141.32825,2.6531663
141.33986,2.6443179
141.35147,2.4748433
141.36308,2.2187441
141.37469,2.2467492
141.3863,2.2797122
141.39791,2.2509342
141.40952,2.3296039
141.42113,2.5251324
141.43274,2.4834057
141.44435,2.9582065
141.45596,4.6108879
141.46757,3.9180528
141.47918,4.5652245
141.49079,3.0377048
141.5024,3.6499441
141.51401,2.9660447
141.52562,3.6693158
141.53723,4.2305242
141.54884,4.1836883
141.56045,4.4817732
141.57206,4.1321091
141.58367,4.2446102
141.59528,3.3098934
141.60689,3.8928205
141.6185,2.6436031
141.63011,3.6030218
141.64172,3.3834871
141.65333,3.8264127
141.66494,4.3086713
141.67655,4.084144
141.68816,4.3285946
141.69977,3.7555575
141.71138,3.7106494
141.72299,2.922707
141.7346,3.2352855
141.74621,2.7710213
141.75782,3.3335688
141.76943,3.5926173
141.78104,3.8693845
141.79265,3.8921619
141.80426,3.8278724
141.81587,3.4535477
141.82748,3.0326568
141.83909,3.010661
141.8507,2.9030602
141.86231,2.8863886
141.87392,3.1517827
141.88553,3.4341295
141.89714,3.4267784
141.90875,3.5257508
141.92036,3.3801356
141.93197,3.1121303
141.94358,3.1141637
141.95519,2.4904007
141.9668,2.7218005
141.97841,2.5490245
141.99002,2.7695675
142.00163,3.1435086
142.01324,3.03873
142.02485,3.2938262
142.03646,2.8347923
142.04807,3.1058487
142.05968,2.2144555
142.07129,2.6779946
142.0829,2.0327953
142.09451,2.5027361
142.10612,2.4699428
142.11773,2.5481505
142.12934,2.8772872
142.14095,2.5947723
142.15256,2.8506447
142.16417,2.2333225
142.17578,2.7207004
142.18739,1.7333601
142.199,2.5913435
142.21061,1.9992729
142.22222,2.7033354
142.23383,2.2490342
142.24544,2.6261994
142.25705,2.4911885
142.26866,2.4916941
142.28027,2.3949715
142.29188,1.9264438
142.30349,2.3182486
142.3151,2.4666607
142.32671,3.1002789
142.33832,5.0002967
142.34993,5.4618479
142.36154,6.060361
142.37315,5.0719788
142.38476,5.8592464
142.39637,5.7440758
142.40798,5.0182413
142.41959,4.7351613
142.4312,4.134562
142.44281,4.2441388
142.45442,4.3607011
142.46603,3.3965164
142.47764,3.8415444
142.48925,4.2108524
142.50086,4.0334212
142.51247,3.6049098
142.52408,3.5053657
142.53569,3.2730943
142.5473,2.9893459
142.55891,3.0083724
142.57052,2.31579
142.58213,2.8998171
142.59374,2.3241361
142.60535,2.2180405
142.61696,2.9669768
142.62857,2.3851292
142.64018,5.685907
142.65179,8.0606751
142.6634,7.2206466
142.67501,7.2223338
142.68662,7.368089
142.69823,6.7173136
142.70984,6.6908159
142.72145,7.1539828
142.73306,6.6977283
142.74467,5.8476337
142.75628,6.6348202
142.76789,6.667728
142.7795,5.7915294
142.79111,5.7565397
142.80272,5.9697193
142.81433,5.5403405
142.82594,5.1281545
142.83755,5.0254755
142.84916,4.9138936
142.86077,4.6093243
142.87238,5.5021054
142.88399,4.5369951
142.8956,5.1718215
142.90721,4.606586
142.91882,3.4051644
142.93043,5.2968422
142.94204,4.1112324
142.95365,3.1235049
142.96526,3.453475
142.97687,2.3206428
142.98848,3.0541551
143.00009,2.4515474
143.0117,2.8430614
143.02331,3.0730073
143.03492,1.9544012
143.04653,2.5886615
143.05814,2.8146733
143.06975,2.1541422
143.08136,2.270332
143.09297,2.2699022
143.10458,2.2109386
143.11619,1.831609
143.1278,2.1060595
143.13941,2.6836952
143.15102,1.7324302
143.16263,2.1514256
143.17424,2.6650549
143.18585,1.731394
143.19746,2.0658062
143.20907,2.3177459
143.22068,1.8898197
143.23229,2.0008798
143.2439,1.96362
143.25551,2.0530354
143.26712,1.8621537
143.27873,1.5794767
143.29034,2.0293507
143.30195,1.8613906
143.31356,1.7862969
143.32517,2.2609171
143.33678,1.971742
143.34839,1.8711983
143.36,2.2240297
143.37161,1.815108
143.38322,1.8011204
143.39483,3.5371629
143.40644,4.1386281
143.41805,3.2919915
143.42966,3.2058459
143.44127,3.7559338
143.45288,3.8601704
143.46449,3.4681037
143.4761,3.9142708
143.48771,4.3461958
143.49932,4.7484672
143.51093,4.508808
143.52254,4.3508583
143.53415,4.0815566
143.54576,3.3175065
143.55737,3.1388151
143.56898,3.1050917
143.58059,3.3960169
143.5922,3.2925383
143.60381,3.5659951
143.61542,3.9089564
143.62703,4.3173067
143.63864,4.0285663
143.65025,4.3830982
143.66186,3.561804
143.67347,3.3059436
143.68508,2.8937601
143.69669,3.0542927
143.7083,3.211297
143.71991,4.2714351
143.73152,3.2621816
143.74313,4.5185249
143.75474,3.4762487
143.76635,4.9612272
143.77796,5.3415505
143.78957,4.5392919
143.80118,4.190006
143.81279,3.7399053
143.8244,3.5657064
143.83601,3.4253783
143.84762,4.6216401
143.85923,3.7294028
143.87084,3.6224286
143.88245,5.3489589
143.89406,5.3981195
143.90567,5.0327912
143.91728,5.2143521
143.92889,3.9657235
143.9405,3.8619013
143.95211,3.1875529
143.96372,2.7200346
143.97533,3.6070647
143.98694,3.0156186
143.99855,4.2953596
144.01016,3.2169548
144.02177,4.4178024
144.03338,4.0359236
144.04499,4.4093573
144.0566,3.3872592
144.06821,3.7614508
144.07982,4.4239513
144.09143,4.12184
144.10304,4.6221628
144.11465,3.9659323
144.12626,3.9007987
144.13787,3.9366941
144.14948,3.5813088
144.16109,3.2945952
144.1727,2.6891904
144.18431,2.6477878
144.19592,3.6771342
144.20753,3.7323163
144.21914,4.3964677
144.23075,3.9578357
144.24236,4.5814221
144.25397,4.2340892
144.26558,4.0336974
144.27719,3.7583582
144.2888,3.1243436
144.30041,4.3217918
144.31202,2.8950506
144.32363,5.0870227
144.33524,3.2007857
144.34685,4.2477905
144.35846,3.4355794
144.37007,3.487569
144.38168,4.0092656
144.39329,2.9607944
144.4049,4.1754184
144.41651,3.2755574
144.42812,3.959842
144.43973,4.0051163
144.45134,3.3723557
144.46295,4.04083
144.47456,2.6319248
144.48617,3.5193065
144.49778,2.8631367
144.50939,3.2516258
144.521,3.5821222
144.53261,3.0635674
144.54422,3.6991278
144.55583,2.9437141
144.56744,3.2280117
144.57905,3.104019
144.59066,2.6120114
144.60227,3.2041038
144.61388,2.551248
144.62549,3.1558911
144.6371,2.8016252
144.64871,2.7384545
144.66032,2.9134606
144.67193,2.4944081
144.68354,2.8281004
144.69515,2.5354193
144.70676,2.6785178
144.71837,2.4488529
144.72998,2.3755017
144.74159,2.4525957
144.7532,2.1588059
144.76481,3.2194666
144.77642,4.4386381
144.78803,4.7939503
144.79964,3.9890585
144.81125,3.7029865
144.82286,3.4551841
144.83447,4.8531269
144.84608,4.409292
144.85769,4.1037171
144.8693,3.9451598
144.88091,3.614405
144.89252,4.1156312
144.90413,4.5491311
144.91574,3.6400617
144.92735,3.6325796
144.93896,3.4016986
144.95057,3.5590172
144.96218,3.8534244
144.97379,4.1297522
144.9854,3.4649372
144.99701,2.8182365
145.00862,3.6053799
145.02023,3.7511336
145.03184,3.3465815
145.04345,3.7564031
145.05506,2.8570785
145.06667,2.8465299
145.07828,3.6784172
145.08989,2.7932561
145.1015,3.4450325
145.11311,2.9939103
145.12472,2.3720703
145.13633,3.417365
145.14794,3.2524611
145.15955,2.7218685
145.17116,2.692414
145.18277,2.9300697
145.19438,2.2966506
145.20599,2.8133084
145.2176,2.4605586
145.22921,1.964404
145.24082,3.4001531
145.25243,5.7875774
145.26404,5.6342475
145.27565,6.1758174
145.28726,6.1059123
145.29887,6.1249696
145.31048,5.9574377
145.32209,5.8485777
145.3337,5.8213594
145.34531,5.3471923
145.35692,4.9536808
145.36853,4.9047201
145.38014,4.9759993
145.39175,4.5694214
145.40336,4.1434168
145.41497,4.4912061
145.42658,4.3402123
145.43819,3.9792529
145.4498,2.9981413
145.46141,8.3396365
145.47302,9.5843585
145.48463,7.6301198
145.49624,7.1693367
145.50785,8.4391783
145.51946,7.8984933
145.53107,6.6170234
145.54268,7.6077922
145.55429,7.8354212
145.5659,6.2590214
145.57751,6.8703684
145.58912,7.5402063
145.60073,6.5806239
145.61234,5.7798021
145.62395,6.8478632
145.63556,6.5990151
145.64717,5.2695066
145.65878,5.9220964
145.67039,6.3466168
145.682,4.7255977
145.69361,5.010439
145.70522,7.1762225
145.71683,4.9822999
145.72844,5.1323287
145.74005,6.0602962
145.75166,4.4300716
145.76327,5.2226662
145.77488,4.8331468
145.78649,5.441118
145.7981,4.7638077
145.80971,3.4724155
145.82132,5.5954081
145.83293,4.5810941
145.84454,3.0864805
145.85615,5.0510062
145.86776,4.3020883
145.87937,3.0449664
145.89098,4.3558088
145.90259,3.6479076
145.9142,3.3220632
145.9258,3.152507
145.93741,2.6759196
145.94902,3.7284941
145.96063,2.8158065
145.97224,3.149806
145.98385,3.6144955
145.99546,2.2963826
146.00707,2.9268012
146.01868,2.7013215
146.03029,2.4650819
146.0419,2.6804417
146.05351,2.3813603
146.06512,2.877688
146.07673,2.8598942
146.08834,2.4199873
146.09995,3.4552126
146.11156,4.3402853
146.12317,5.6598636
146.13478,4.773104
146.14639,4.4835683
146.158,5.8772698
146.16961,5.2406053
146.18122,5.467832
146.19283,4.3984803
146.20444,4.2499931
146.21605,5.2036106
146.22766,5.4322249
146.23927,4.2657559
146.25088,5.7952588
146.26249,4.8693731
146.2741,5.7743949
146.28571,5.2853107
146.29732,5.1122339
146.30893,5.4923507
146.32054,4.1082994
146.33215,3.7908635
146.34376,3.9258345
146.35537,3.904043
146.36698,4.484506
146.37859,5.4571495
146.3902,4.9049302
146.40181,5.4653605
146.41342,4.1745169
146.42503,5.7400377
146.43664,3.877085
146.44825,5.2772235
146.45986,4.1183461
146.47147,5.0312179
146.48308,4.9601934
146.49469,5.467391
146.5063,5.1460407
146.51791,6.1859364
146.52952,3.5111872
146.54113,5.9633996
146.55274,4.0858012
146.56435,5.737531
146.57596,6.0257669
146.58757,4.4528714
146.59918,6.2108027
146.61079,5.1332973
146.6224,5.2666462
146.63401,5.6861734
146.64562,4.2724046
146.65723,5.1960836
146.66884,3.6860951
146.68045,4.5135185
146.69206,4.0904194
146.70367,4.291279
146.71528,6.5329568
146.72689,4.286351
146.7385,5.6098419
146.75011,4.5049702
146.76172,4.3377106
146.77333,4.2005333
146.78494,3.5774259
146.79655,4.7232774
146.80816,4.1594021
146.81977,4.795543
146.83138,5.0064471
146.84299,4.5176231
146.8546,5.3905211
146.86621,3.8141864
146.87782,5.2451222
146.88943,3.4289065
146.90104,4.2576455
146.91265,3.9422149
146.92426,3.9504034
146.93587,4.2636236
146.94748,2.8055842
146.95909,4.6245105
146.9707,4.6138273
146.98231,4.3331839
146.99392,5.6079838
147.00553,4.934717
147.01714,4.9694533
147.02875,5.0027501
147.04036,3.9001548
147.05197,4.7540601
147.06358,3.6568195
147.07519,4.7666248
147.0868,4.2814981
147.09841,4.9079979
147.11002,5.3263656
147.12163,4.3095028
147.13324,4.8076667
147.14485,4.0447266
147.15646,4.5454662
147.16807,4.2588944
147.17968,4.3159703
147.19129,4.358065
147.2029,3.7663913
147.21451,4.0429783
147.22612,3.6776276
147.23773,3.989304
147.24934,3.9301449
147.26095,3.9289155
147.27256,4.1799634
147.28417,3.8537238
147.29578,3.8009071
147.30739,3.5466144
147.319,3.3333719
147.33061,3.6218468
147.34222,3.6584848
147.35383,3.7441298
147.36544,3.6839591
147.37705,3.3509781
147.38866,3.2036032
147.40027,5.0224529
147.41188,3.7626936
147.42349,5.8246132
147.4351,5.213998
147.44671,5.1094193
147.45832,7.1393522
147.46993,5.3295875
147.48154,6.3889925
147.49315,5.2109884
147.50476,4.9499361
147.51637,7.0242207
147.52798,5.5129282
147.53959,5.5025473
147.5512,5.3617131
147.56281,3.8550531
147.57442,5.6366843
147.58603,6.3283649
147.59764,5.349729
147.60925,4.9457222
147.62086,5.1013229
147.63247,5.9664998
147.64408,5.859627
147.65569,5.5398462
147.6673,5.7917853
147.67891,4.4936534
147.69052,4.9474354
147.70213,5.4725931
147.71374,4.8041353
147.72535,5.0982135
147.73696,4.1589851
147.74857,5.1232591
147.76018,5.5516537
147.77179,3.5041974
147.7834,4.4717462
147.79501,4.3947839
147.80662,6.3558611
147.81823,6.003884
147.82984,4.7184851
147.84145,4.2676165
147.85306,5.94098
147.86467,3.8213476
147.87628,4.5845998
147.88789,4.700564
147.8995,4.2689384
147.91111,4.8443945
147.92272,3.2951589
147.93433,4.1216383
147.94594,3.7572974
147.95755,3.5389334
147.96916,4.1487274
147.98077,3.9984454
147.99238,6.5311579
148.00399,6.1910551
148.0156,6.9193059
148.02721,5.3123786
148.03882,6.115008
148.05043,4.703153
148.06204,5.3243932
148.07365,5.130069
148.08526,5.2292866
148.09687,5.7206918
148.10848,5.5456236
148.12009,5.5387903
148.1317,5.2672779
148.14331,5.1258303
148.15492,4.9602166
148.16653,4.7561161
148.17814,4.5884643
148.18975,4.7042863
148.20136,5.2841633
148.21297,6.050762
148.22458,7.4213534
148.23619,7.2909643
148.2478,7.0642125
148.25941,8.1580206
148.27102,7.2775054
148.28263,8.6959341
148.29424,5.7488849
148.30585,7.1078083
148.31746,5.5878317
148.32907,5.4873926
148.34068,5.2460894
148.35229,4.2901306
148.3639,6.74437
148.37551,4.8229093
148.38712,6.9934929
148.39873,5.5678289
148.41034,7.188798
148.42195,5.2268958
148.43356,5.176656
148.44517,4.0445221
148.45678,3.8317949
148.46839,4.5207881
148.48,4.3449008
148.49161,5.7314353
148.50322,5.404103
148.51483,6.6599828
148.52644,5.0177305
148.53805,5.458031
148.54966,3.1753686
148.56127,4.6722348
148.57288,3.3200514
148.58449,4.4771419
148.5961,4.4203461
148.60771,5.0678991
148.61932,4.919376
148.63093,5.3938731
148.64254,4.2424955
148.65415,4.5794652
148.66576,7.2202932
148.67737,7.2805415
148.68898,6.9284733
148.70059,8.7691351
148.7122,8.9086754
148.72381,8.3873214
148.73542,8.0396358
148.74703,6.4753376
148.75864,7.7565125
148.77025,6.3318604
148.78186,6.4785332
148.79347,6.7308323
148.80508,6.2396204
148.81669,7.5249
148.8283,5.9763626
148.83991,8.4549689
148.85152,6.737603
148.86313,7.4255081
148.87474,6.3820287
148.88635,6.6115242
148.89796,6.2220689
148.90957,4.6032666
148.92118,7.2457643
148.93279,5.5125114
148.9444,6.7809894
148.95601,7.0527098
148.96762,5.9854124
148.97923,6.8765363
148.99084,3.7589662
149.00245,6.4535976
149.01406,4.7787727
149.02567,5.0710742
149.03728,6.8034393
149.04889,4.0562174
149.0605,6.5448372
149.07211,4.1490775
149.08372,6.6590033
149.09533,4.6762099
149.10694,4.8552913
149.11855,12.0136
149.13016,15.91472
149.14177,15.215007
149.15338,13.744393
149.16499,13.451342
149.1766,13.544254
149.18821,11.730403
149.19982,11.139271
149.21143,11.006505
149.22304,10.785055
149.23465,10.711548
149.24626,12.539771
149.25787,11.384606
149.26948,10.96513
149.28109,11.745827
149.2927,9.5452072
149.30431,9.2206276
149.31592,9.0493636
149.32753,9.0014479
149.33914,9.9554388
149.35075,16.226307
149.36236,9.7920124
149.37397,11.801288
149.38558,14.603488
149.39719,9.1829552
149.4088,10.608319
149.42041,11.534162
149.43202,7.13652
149.44363,10.486987
149.45524,9.573603
149.46685,5.8045373
149.47846,9.8616222
149.49007,8.6582987
149.50168,5.757694
149.51329,8.7205229
149.5249,8.1183392
149.53651,6.8259158
149.54812,7.0193716
149.55973,5.419433
149.57134,7.279254
149.58295,11.32081
149.59456,11.233672
149.60617,13.72173
149.61778,12.728794
149.62939,12.485206
149.641,12.682898
149.65261,10.780603
149.66422,9.4672574
149.67583,11.213051
149.68744,10.269063
149.69905,8.8336023
149.71066,10.81614
149.72227,9.3953304
149.73388,10.644275
149.74549,10.721758
149.7571,8.9179154
149.76871,10.490263
149.78032,10.806415
149.79193,8.77706
149.80354,9.5490782
149.81515,9.8191375
149.82676,9.2850471
149.83837,9.7569431
149.84998,7.3386432
149.86159,8.3872387
149.8732,9.9539875
149.88481,5.9561118
149.89642,5.6502334
149.90803,8.8427651
149.91964,7.0393453
149.93125,5.885086
149.94286,6.9398178
149.95447,7.273711
149.96608,7.8057235
149.97769,5.7551168
149.9893,6.3555198
150.00091,8.5358362
150.01252,7.5430514
150.02413,6.8481674
150.03574,7.1240462
150.04735,7.4543997
150.05896,6.0978246
150.07057,6.3813764
150.08218,7.2354569
150.09379,5.9628829
150.1054,6.3774239
150.11701,7.2245512
150.12862,5.5923898
150.14023,5.6190478
150.15184,6.7582843
150.16345,6.2965552
150.17506,5.3476039
150.18667,6.8071742
150.19828,6.919097
150.20989,7.3024257
150.2215,8.5403343
150.23311,8.3493654
150.24472,8.1379773
150.25633,8.7124004
150.26794,6.8541411
150.27955,7.8573191
150.29116,7.7124671
150.30277,7.586344
150.31438,8.3110165
150.32599,8.8225915
150.3376,8.0947145
150.34921,8.2461083
150.36082,7.5148042
150.37243,7.2247591
150.38404,7.5281803
150.39565,6.9719544
150.40726,6.8607428
150.41887,7.1443414
150.43048,7.0604572
150.44209,6.8821645
150.4537,7.3391517
150.46531,6.9951435
150.47692,9.768647
150.48853,10.296728
150.50014,11.144223
150.51175,11.150523
150.52336,11.382512
150.53497,11.920298
150.54658,11.133937
150.55819,10.376243
150.5698,10.076736
150.58141,9.2696323
150.59302,8.4281233
150.60463,8.6302263
150.61624,8.8730828
150.62785,8.5344272
150.63946,7.5437076
150.65107,7.3902698
150.66268,7.6183125
150.67429,9.7973986
150.6859,16.032872
150.69751,16.332635
150.70912,15.150978
150.72073,14.922798
150.73234,14.470133
150.74395,13.771617
150.75556,13.603122
150.76717,12.922349
150.77878,12.327152
150.79039,12.727287
150.802,12.602283
150.81361,12.079099
150.82522,12.138496
150.83683,11.223183
150.84844,11.294034
150.86005,11.174096
150.87166,10.097776
150.88327,10.051512
150.89488,9.9467299
150.90649,8.7211915
150.9181,13.053841
150.92971,13.648553
150.94132,11.713407
150.95293,12.723798
150.96454,15.00609
150.97615,13.189628
150.98776,12.587957
150.99937,12.486764
151.01098,12.431854
151.02259,9.7687128
151.0342,9.9385206
151.0458,11.818702
151.05741,9.7771017
151.06902,7.686353
151.08063,10.660577
151.09224,10.119499
151.10385,8.410616
151.11546,9.8637363
151.12707,9.8942776
151.13868,8.8147291
151.15029,8.9747066
151.1619,8.9160909
151.17351,7.7910291
151.18512,8.2536075
151.19673,7.6632
151.20834,6.7067684
151.21995,6.8175596
151.23156,6.4276672
151.24317,6.1575948
151.25478,6.1977682
151.26639,5.3724813
151.278,5.8076908
151.28961,6.8625431
151.30122,6.9785877
151.31283,6.8889914
151.32444,6.015828
151.33605,8.5989406
151.34766,7.7853457
151.35927,9.2746055
151.37088,8.6666172
151.38249,7.8492951
151.3941,8.84961
151.40571,9.0075236
151.41732,7.8665469
151.42893,9.2064295
151.44054,9.4358451
151.45215,7.3071526
151.46376,8.1588894
151.47537,8.6331757
151.48698,7.6632795
151.49859,6.814034
151.5102,6.7626083
151.52181,6.6773211
151.53342,6.6964828
151.54503,9.4981299
151.55664,8.8259863
151.56825,8.6840728
151.57986,9.2339802
151.59147,9.3256049
151.60308,8.7405382
151.61469,9.699158
151.6263,8.8265699
151.63791,8.3605017
151.64952,7.399302
151.66113,8.2439898
151.67274,8.1421072
151.68435,8.2081365
151.69596,7.0142199
151.70757,7.1722294
151.71918,7.2412203
151.73079,7.4878104
151.7424,6.6818952
151.75401,5.6630916
151.76562,6.1940403
151.77723,6.2845374
151.78884,6.4972494
151.80045,7.049044
151.81206,7.0465913
151.82367,6.8583973
151.83528,6.9789783
151.84689,6.6702398
151.8585,7.5196172
151.87011,7.0312926
151.88172,6.801299
151.89333,9.9330201
151.90494,12.061232
151.91655,11.545365
151.92816,10.963759
151.93977,9.4804153
151.95138,8.917748
151.96299,8.3525299
151.9746,8.2315549
151.98621,7.6607195
151.99782,8.1762025
152.00943,8.3843836
152.02104,6.7626033
152.03265,7.9981772
152.04426,6.5057578
152.05587,8.5913016
152.06748,4.9084225
152.07909,8.1102992
152.0907,6.0405091
152.10231,5.5027291
152.11392,7.22602
152.12553,4.3149474
152.13714,7.7031881
152.14875,5.6717712
152.16036,7.8442177
152.17197,7.98458
152.18358,16.317415
152.19519,11.917777
152.2068,12.160448
152.21841,10.173987
152.23002,11.350801
152.24163,8.3620845
152.25324,11.628145
152.26485,8.8427227
152.27646,9.8582899
152.28807,9.7916341
152.29968,8.0129541
152.31129,9.7833595
152.3229,7.8097058
152.33451,9.4563936
152.34612,8.0225447
152.35773,8.2489436
152.36934,8.1923663
152.38095,6.4796672
152.39256,8.4850235
152.40417,5.823943
152.41578,8.056105
152.42739,7.9022678
152.439,9.9177127
152.45061,9.4053171
152.46222,17.899339
152.47383,18.252058
152.48544,15.544322
152.49705,16.81001
152.50866,13.686356
152.52027,14.907361
152.53188,13.777148
152.54349,13.821683
152.5551,12.897877
152.56671,12.511357
152.57832,12.435873
152.58993,11.291583
152.60154,11.720205
152.61315,9.6667885
152.62476,8.9445767
152.63637,8.9782202
152.64798,7.5945314
152.65959,9.5135294
152.6712,8.9406073
152.68281,9.3363119
152.69442,9.0313377
152.70603,6.9621948
152.71764,7.1496791
152.72925,6.5139393
152.74086,7.740394
152.75247,7.6600365
152.76408,7.8058796
152.77569,7.9439892
152.7873,6.8115824
152.79891,7.1229244
152.81052,5.7522769
152.82213,5.840667
152.83374,5.2092606
152.84535,5.5560063
152.85696,4.8104758
152.86857,5.3018436
152.88018,6.0408634
152.89179,5.2983954
152.9034,6.1999815
152.91501,5.5910514
152.92662,4.8642582
152.93823,4.3548969
152.94984,4.3842937
152.96145,3.8598623
152.97306,4.3758088
152.98467,5.1134142
152.99628,4.9111549
153.00789,5.042209
153.0195,4.8882507
153.03111,7.5766261
153.04272,6.8088988
153.05433,7.8228468
153.06594,7.144244
153.07755,7.0806218
153.08916,5.4005717
153.10077,6.2904621
153.11238,6.0376314
153.12399,5.4267007
153.1356,7.0581037
153.14721,5.5162619
153.15882,6.4459788
153.17043,5.2377419
153.18204,5.876644
153.19365,5.0639207
153.20526,5.8229104
153.21687,5.2317527
153.22848,5.3887201
153.24009,5.7941099
153.2517,4.588351
153.26331,6.7633387
153.27492,12.678398
153.28653,10.024987
153.29814,11.120259
153.30975,11.368439
153.32136,12.242219
153.33297,11.021547
153.34458,9.6537245
153.35619,9.8403596
153.3678,10.38499
153.37941,8.8923465
153.39102,6.9831371
153.40263,7.740904
153.41424,7.7027593
153.42585,7.2729306
153.43746,6.4461238
153.44907,6.0155872
153.46068,7.696744
153.47229,7.8097815
153.4839,4.682901
153.49551,6.0886951
153.50712,6.4648295
153.51873,4.4377196
153.53034,4.9090011
153.54195,4.8653392
153.55356,5.5260204
153.56517,5.2316546
153.57678,4.5318494
153.58839,4.8679946
153.6,4.469536
153.61161,5.1195155
153.62322,4.7506491
153.63483,3.8454994
153.64644,5.7379234
153.65805,5.4605554
153.66966,4.0195605
153.68127,4.345752
153.69288,4.4906881
153.70449,5.2864869
153.7161,4.429379
153.72771,5.5296275
153.73932,6.2440356
153.75093,7.9536945
153.76254,9.1788324
153.77415,7.4797359
153.78576,7.3799214
153.79737,8.8181739
153.80898,5.4102522
153.82059,6.2742975
153.8322,7.1959162
153.84381,4.8763489
153.85542,5.4928754
153.86703,5.853141
153.87864,4.0932126
153.89025,5.5154172
153.90186,5.0818358
153.91347,4.0212738
153.92508,4.894597
153.93669,4.3322765
153.9483,5.2017556
153.95991,4.2950668
153.97152,4.3066576
153.98313,5.1406983
153.99474,3.2134343
154.00635,5.0785449
154.01796,10.070335
154.02957,12.334531
154.04118,12.332967
154.05279,11.746425
154.0644,10.501714
154.07601,12.050395
154.08762,10.966009
154.09923,10.169637
154.11084,11.728795
154.12245,10.115497
154.13406,9.3007019
154.14567,10.941844
154.15728,10.07117
154.16889,8.5905074
154.1805,9.3632971
154.19211,8.8406681
154.20372,8.0000353
154.21533,8.3746261
154.22694,6.2810903
154.23855,7.9501952
154.25016,8.5745136
154.26177,4.9999732
154.27338,8.9447654
154.28499,6.2219561
154.2966,5.1409459
154.30821,7.1859789
154.31982,4.2457339
154.33143,4.522864
154.34304,5.9602221
154.35465,3.3269091
154.36626,4.0784266
154.37787,5.0016075
154.38948,3.2711485
154.40109,3.4071671
154.4127,4.5166732
154.42431,3.2472517
154.43592,3.6896157
154.44753,3.9949471
154.45914,3.4765716
154.47075,3.5158901
154.48236,3.4386128
154.49397,3.7143866
154.50558,3.9177529
154.51719,2.8297522
154.5288,3.7225622
154.54041,4.0281228
154.55202,2.8586363
154.56363,3.2062687
154.57524,3.8793351
154.58685,2.4610072
154.59846,2.9710429
154.61007,3.6959055
154.62168,2.7756909
154.63329,2.9067681
154.6449,3.1555286
154.65651,3.1084834
154.66812,2.7530217
154.67973,3.0162861
154.69134,3.0885136
154.70295,3.2016193
154.71456,5.0258122
154.72617,6.2081584
154.73778,4.3185037
154.74939,4.9019868
154.761,6.2435336
154.77261,5.8521936
154.78422,4.9995816
154.79583,6.2565196
154.80744,3.7691457
154.81905,4.0609062
154.83066,4.7334483
154.84227,5.4185256
154.85388,4.6312217
154.86549,5.578406
154.8771,3.833026
154.88871,6.1712368
154.90032,5.1052598
154.91193,5.7926576
154.92354,4.8980481
154.93515,4.0500471
154.94676,3.564576
154.95837,4.7374591
154.96998,3.5469637
154.98159,5.3617996
154.9932,4.6263368
155.00481,5.5527542
155.01642,5.2331304
155.02803,4.7383986
155.03964,5.0398037
155.05125,4.0679948
155.06286,3.8303831
155.07447,5.1708114
155.08608,3.0282231
155.09769,4.2805717
155.1093,3.869691
155.12091,2.6460356
155.13252,3.9544168
155.14413,2.7482635
155.15574,3.6538518
155.16735,4.3949416
155.17896,6.163073
155.19057,5.6877245
155.20218,5.2152845
155.21379,5.9336403
155.2254,4.7858871
155.23701,5.3552478
155.24862,3.7472235
155.26023,4.1323574
155.27184,3.9433119
155.28345,4.4056338
155.29506,4.0248801
155.30667,3.3277863
155.31828,4.0507259
155.32989,3.107653
155.3415,4.3842255
155.35311,4.482733
155.36472,5.8966837
155.37633,4.636005
155.38794,4.7948092
155.39955,4.5244261
155.41116,4.10858
155.42277,4.8600466
155.43438,4.3912562
155.44599,5.1835728
155.4576,4.91512
155.46921,5.0392593
155.48082,4.7046235
155.49243,4.1471034
155.50404,4.5609815
155.51565,3.802398
155.52726,5.6654138
155.53887,6.2375543
155.55048,6.1215038
155.56209,6.3375702
155.5737,5.3322824
155.58531,5.3912418
155.59692,4.8331394
155.60853,5.7673049
155.62014,4.8587057
155.63175,6.1645124
155.64336,5.4590388
155.65497,5.7903274
155.66658,5.6060008
155.67819,5.170113
155.6898,5.9085736
155.70141,4.8728467
155.71302,6.1524173
155.72463,5.3810586
155.73624,5.4233632
155.74785,5.5011042
155.75946,4.5712083
155.77107,5.5360224
155.78268,4.4122587
155.79429,5.5746621
155.8059,5.0139182
155.81751,4.9844651
155.82912,5.0473493
155.84073,4.0835788
155.85234,5.0354139
155.86395,4.1057101
155.87556,4.7926139
155.88717,4.6041912
155.89878,4.1679852
155.91039,4.5928807
155.922,3.5462579
155.93361,4.3818818
155.94522,3.681096
155.95683,4.1600042
155.96844,4.6694516
155.98005,5.4241625
155.99166,5.62458
156.00327,5.3686686
156.01488,5.3404941
156.02649,5.901695
156.0381,7.1773315
156.04971,4.9983732
156.06132,4.9991367
156.07293,4.8111024
156.08454,5.3143463
156.09615,6.6868022
156.10776,5.5281613
156.11937,4.8633794
156.13098,4.0816655
156.14259,5.3669686
156.1542,5.3943999
156.1658,5.7546729
156.17741,4.8849541
156.18902,4.2248257
156.20063,4.9038571
156.21224,5.2590362
156.22385,5.3683181
156.23546,4.4546779
156.24707,3.4249841
156.25868,4.3682402
156.27029,5.1452008
156.2819,4.6028643
156.29351,4.4510601
156.30512,3.9206397
156.31673,2.8054661
156.32834,4.5211312
156.33995,4.4709451
156.35156,4.1262459
156.36317,3.7103972
156.37478,3.6899831
156.38639,3.7460628
156.398,4.1507075
156.40961,3.2885373
156.42122,4.0002203
156.43283,3.1774955
156.44444,2.9375037
156.45605,3.418547
156.46766,5.3557034
156.47927,6.8633483
156.49088,6.9151963
156.50249,7.392647
156.5141,6.4240481
156.52571,6.7709433
156.53732,6.2786753
156.54893,6.0587084
156.56054,5.465793
156.57215,5.144273
156.58376,4.9967607
156.59537,4.8923071
156.60698,4.4659049
156.61859,4.2577239
156.6302,4.2607485
156.64181,4.475502
156.65342,3.9742179
156.66503,4.0325351
156.67664,4.6807165
156.68825,8.8228689
156.69986,8.4073951
156.71147,7.6954481
156.72308,8.9345294
156.73469,7.7760213
156.7463,6.8513437
156.75791,8.1391781
156.76952,8.0866737
156.78113,6.8273407
156.79274,6.8523885
156.80435,7.7379189
156.81596,6.8662079
156.82757,6.1068446
156.83918,6.8331511
156.85079,6.7966755
156.8624,5.4049805
156.87401,5.8506757
156.88562,6.5526169
156.89723,5.2778562
156.90884,5.4405152
156.92045,7.4399343
156.93206,6.1031687
156.94367,4.1321906
156.95528,6.0787631
156.96689,5.3740526
156.9785,4.4182446
156.99011,5.0576628
157.00172,4.5308854
157.01333,4.9081963
157.02494,3.7237533
157.03655,4.2984883
157.04816,4.7714085
157.05977,2.7612297
157.07138,3.7962568
157.08299,4.4764372
157.0946,2.7242486
157.10621,3.1410553
157.11782,3.7681946
157.12943,2.7827701
157.14104,2.7987439
157.15265,2.996051
157.16426,2.8573923
157.17587,2.8518464
157.18748,2.4310815
157.19909,2.7547231
157.2107,2.7378504
157.22231,2.5841613
157.23392,2.4539446
157.24553,2.2486883
157.25714,2.5820819
157.26875,1.8916439
157.28036,2.0539998
157.29197,2.2232307
157.30358,1.6748077
157.31519,2.4659614
157.3268,2.0298359
157.33841,1.7899011
157.35002,3.7708685
157.36163,4.6322531
157.37324,4.4239956
157.38485,3.5435556
157.39646,4.7028572
157.40807,5.0302817
157.41968,4.9903281
157.43129,3.6944197
157.4429,4.6386017
157.45451,3.1572663
157.46612,3.1543618
157.47773,5.028683
157.48934,3.7807279
157.50095,4.2107419
157.51256,5.0409781
157.52417,4.0919047
157.53578,5.1866328
157.54739,4.631485
157.559,4.7049256
157.57061,3.5547015
157.58222,3.4355107
157.59383,3.6271632
157.60544,4.6294453
157.61705,3.5636263
157.62866,4.6784601
157.64027,3.6172028
157.65188,5.103306
157.66349,4.2350245
157.6751,5.0440984
157.68671,4.923369
157.69832,2.6520235
157.70993,2.6615502
157.72154,3.9119448
157.73315,3.2191727
157.74476,3.2509942
157.75637,4.168561
157.76798,2.1970295
157.77959,2.9771003
157.7912,2.6340773
157.80281,2.280165
157.81442,2.3404041
157.82603,3.534665
157.83764,2.4142132
157.84925,2.4615556
157.86086,2.2273032
157.87247,2.4547116
157.88408,1.8218447
157.89569,2.4075792
157.9073,2.0624579
157.91891,1.6685729
157.93052,2.0316771
157.94213,2.5380905
157.95374,3.2571485
157.96535,3.1725412
157.97696,3.6669933
157.98857,2.5725831
158.00018,3.529919
158.01179,3.248354
158.0234,3.2950622
158.03501,3.4894127
158.04662,2.7540288
158.05823,3.5208613
158.06984,2.4169502
158.08145,3.138116
158.09306,2.840308
158.10467,3.4656666
158.11628,3.9103431
158.12789,4.0582793
158.1395,3.4308858
158.15111,3.7040468
158.16272,2.5092
158.17433,3.2932294
158.18594,2.6516929
158.19755,3.2351767
158.20916,3.2711554
158.22077,3.2053746
158.23238,4.7889628
158.24399,4.9074039
158.2556,5.8232529
158.26721,5.8390342
158.27882,6.6348829
158.29043,5.2514969
158.30204,5.6913446
158.31365,4.8641741
158.32526,5.0064988
158.33687,5.4756783
158.34848,4.9435704
158.36009,5.7982469
158.3717,4.521673
158.38331,5.3448539
158.39492,5.1463495
158.40653,5.1903765
158.41814,5.414599
158.42975,4.6161748
158.44136,5.6223266
158.45297,4.7194542
158.46458,5.0733902
158.47619,4.7997233
158.4878,4.5451794
158.49941,5.1062543
158.51102,4.1691365
158.52263,5.340889
158.53424,4.5155014
158.54585,4.4118895
158.55746,4.5936834
158.56907,3.7245539
158.58068,4.8778104
158.59229,3.4416834
158.6039,4.6035989
158.61551,4.0212861
158.62712,4.0922509
158.63873,5.195227
158.65034,3.9259637
158.66195,4.6062498
158.67356,4.2896864
158.68517,5.4705578
158.69678,6.6761609
158.70839,4.8272568
158.72,5.0724943
158.73161,4.3092638
158.74322,4.9634423
158.75483,6.2774043
158.76644,5.4638161
158.77805,3.7273154
158.78966,3.6445544
158.80127,5.1366585
158.81288,5.6668433
158.82449,5.4747072
158.8361,5.3092892
158.84771,4.5426007
158.85932,4.2066246
158.87093,5.1113962
158.88254,5.7934471
158.89415,3.6305679
158.90576,4.378588
158.91737,4.1315801
158.92898,3.9344708
158.94059,5.3791471
158.9522,4.4604847
158.96381,4.5719617
158.97542,3.0988179
158.98703,4.0795723
158.99864,4.2744661
159.01025,4.7173178
159.02186,5.6224997
159.03347,4.4810134
159.04508,4.3741698
159.05669,5.9032008
159.0683,4.5325899
159.07991,5.3181129
159.09152,4.6791238
159.10313,4.3444205
159.11474,5.1536725
159.12635,3.7434728
159.13796,4.9168121
159.14957,3.4272526
159.16118,4.1998724
159.17279,4.213718
159.1844,3.6990925
159.19601,6.2422986
159.20762,6.8417007
159.21923,7.4741905
159.23084,6.4505707
159.24245,6.6356298
159.25406,5.3059867
159.26567,5.4595156
159.27728,4.7430866
159.28889,4.9394669
159.3005,4.6117986
159.31211,5.2499892
159.32372,4.8571601
159.33533,5.5630605
159.34694,4.9756931
159.35855,5.7369759
159.37016,4.6665049
159.38177,5.0511849
159.39338,4.3755363
159.40499,4.4887908
159.4166,6.3667009
159.42821,5.7589269
159.43982,6.8286153
159.45143,6.8060397
159.46304,7.5739746
159.47465,5.0280003
159.48626,7.0765702
159.49787,5.9975849
159.50948,6.3777468
159.52109,6.8567068
159.5327,6.1718701
159.54431,6.0033994
159.55592,5.211765
159.56753,5.8943403
159.57914,3.934421
159.59075,6.1328133
159.60236,3.8005755
159.61397,6.119844
159.62558,3.8338596
159.63719,5.5800533
159.6488,4.2442837
159.66041,4.5736308
159.67202,4.0688721
159.68363,4.2451769
159.69524,4.3309943
159.70685,4.2059627
159.71846,4.4741199
159.73007,4.1031155
159.74168,4.5158385
159.75329,4.2720026
159.7649,4.6604706
159.77651,3.7492982
159.78812,3.8582525
159.79973,2.8686433
159.81134,3.831012
159.82295,3.5565479
159.83456,4.1306685
159.84617,3.6656133
159.85778,3.555676
159.86939,7.9144808
159.881,7.4872295
159.89261,7.9869256
159.90422,7.3487823
159.91583,9.5120876
159.92744,5.9765794
159.93905,7.6914537
159.95066,7.0528483
159.96227,6.1798666
159.97388,5.9864007
159.98549,6.083698
159.9971,7.841627
160.00871,5.9845222
160.02032,6.6509797
160.03193,7.444496
160.04354,6.7481255
160.05515,7.382651
160.06676,4.7997823
160.07837,6.8782823
160.08998,4.6825531
160.10159,5.5331882
160.1132,7.0856403
160.12481,4.4456079
160.13642,6.6545948
160.14803,3.6130978
160.15964,7.48731
160.17125,4.6167534
160.18286,5.7950581
160.19447,4.7450417
160.20608,3.4607175
160.21769,5.3907849
160.2293,4.0881829
160.24091,5.5729549
160.25252,5.0819263
160.26413,5.2491224
160.27574,5.2814155
160.28735,4.0275761
160.29896,4.5941247
160.31057,5.862228
160.32218,14.354108
160.33379,15.895459
160.3454,16.038567
160.35701,16.147937
160.36862,15.061493
160.38023,16.529951
160.39184,15.441947
160.40345,14.939932
160.41506,15.209962
160.42667,13.5859
160.43828,13.850431
160.44989,13.435673
160.4615,12.956133
160.47311,12.839133
160.48472,12.375508
160.49633,12.364589
160.50794,13.526738
160.51955,11.432579
160.53116,8.6640723
160.54277,14.990893
160.55438,14.603375
160.56599,8.7135781
160.5776,10.880215
160.58921,13.652158
160.60082,9.8698662
160.61243,7.2999137
160.62404,11.48032
160.63565,9.820315
160.64726,5.6758397
160.65887,9.0064963
160.67048,9.5486558
160.68209,6.2704366
160.6937,7.7064571
160.70531,9.3389102
160.71692,15.763668
160.72853,18.353574
160.74014,18.138406
160.75175,18.930487
160.76336,17.405794
160.77497,17.160431
160.78658,13.871024
160.79819,13.900819
160.8098,12.434924
160.82141,11.186033
160.83302,12.422614
160.84463,10.95205
160.85624,12.635562
160.86785,10.178184
160.87946,10.852528
160.89107,11.007635
160.90268,10.524555
160.91429,10.96189
160.9259,9.7937744
160.93751,8.2255821
160.94912,6.2638365
160.96073,6.4177385
160.97234,6.7958899
160.98395,9.0962174
160.99556,9.1487774
161.00717,10.459819
161.01878,10.008758
161.03039,8.6969884
161.042,8.9634951
161.05361,6.9552106
161.06522,7.4374638
161.07683,6.4620474
161.08844,7.7864792
161.10005,6.7113598
161.11166,7.1238577
161.12327,8.6476972
161.13488,7.4788343
161.14649,10.229596
161.1581,13.842614
161.16971,10.305052
161.18132,10.95684
161.19293,8.7516513
161.20454,11.263706
161.21615,7.0337689
161.22776,11.741586
161.23937,7.5762008
161.25098,11.006804
161.26259,8.6647286
161.2742,8.9214904
161.2858,9.9078134
161.29741,6.5803913
161.30902,9.5582875
161.32063,8.6655223
161.33224,7.0865942
161.34385,9.3757228
161.35546,5.7292202
161.36707,9.2128546
161.37868,4.7608368
161.39029,9.1265365
161.4019,6.7298623
161.41351,7.0777781
161.42512,7.7153804
161.43673,6.8099707
161.44834,8.0092859
161.45995,6.7802159
161.47156,7.4662854
161.48317,6.5356166
161.49478,6.0652247
161.50639,7.3891656
161.518,5.1010986
161.52961,6.9956391
161.54122,5.2704618
161.55283,6.1367776
161.56444,8.7388368
161.57605,6.2503476
161.58766,8.3099031
161.59927,7.7185292
161.61088,6.4793666
161.62249,8.4635938
161.6341,7.0857023
161.64571,8.3095193
161.65732,6.5299764
161.66893,7.500434
161.68054,6.3453201
161.69215,5.8168469
161.70376,6.8725294
161.71537,6.1471703
161.72698,6.5065361
161.73859,4.4438125
161.7502,5.4640539
161.76181,4.6265848
161.77342,6.1452249
161.78503,11.712797
161.79664,14.794812
161.80825,13.303348
161.81986,13.462009
161.83147,12.141236
161.84308,12.313155
161.85469,11.672
161.8663,11.202608
161.87791,10.602129
161.88952,9.8508587
161.90113,9.7012268
161.91274,9.2657692
161.92435,8.7153261
161.93596,7.952374
161.94757,7.2501951
161.95918,6.4896557
161.97079,7.3069915
161.9824,7.2575019
161.99401,8.1402678
162.00562,7.6194332
162.01723,5.9905732
162.02884,6.1078654
162.04045,6.825738
162.05206,13.632079
162.06367,14.034719
162.07528,13.630326
162.08689,12.897921
162.0985,10.51274
162.11011,9.8846531
162.12172,10.762947
162.13333,10.728987
162.14494,10.75712
162.15655,11.113756
162.16816,10.786752
162.17977,10.615429
162.19138,10.503826
162.20299,9.6672569
162.2146,9.840945
162.22621,9.4606916
162.23782,8.3900093
162.24943,8.353709
162.26104,8.2370015
162.27265,7.7096403
162.28426,7.713695
162.29587,7.9422313
162.30748,7.0035999
162.31909,6.9261507
162.3307,7.2184178
162.34231,6.2065404
162.35392,6.0851802
162.36553,6.2193219
162.37714,5.0447379
162.38875,5.2406174
162.40036,5.0873625
162.41197,3.9558104
162.42358,4.8328258
162.43519,4.8524057
162.4468,4.2052691
162.45841,4.945692
162.47002,4.4442878
162.48163,3.8658095
162.49324,4.5201267
162.50485,4.078502
162.51646,3.4937347
162.52807,3.4300479
162.53968,2.9745055
162.55129,3.2218103
162.5629,5.9651597
162.57451,9.8531586
162.58612,9.271552
162.59773,8.8252004
162.60934,8.5973039
162.62095,9.2970536
162.63256,7.8584553
162.64417,7.1708751
162.65578,7.1664962
162.66739,7.7739538
162.679,6.8798238
162.69061,5.630355
162.70222,7.3657531
162.71383,6.9446795
162.72544,4.7933321
162.73705,6.7730807
162.74866,6.7949609
162.76027,9.8439813
162.77188,12.90961
162.78349,13.977153
162.7951,12.474323
162.80671,11.216825
162.81832,13.224583
162.82993,12.401174
162.84154,11.290232
162.85315,12.103411
162.86476,11.621684
162.87637,11.305433
162.88798,11.103357
162.89959,10.940185
162.9112,10.496315
162.92281,9.3740495
162.93442,9.336296
162.94603,9.9098192
162.95764,8.2304197
162.96925,8.3964906
162.98086,9.5413097
162.99247,8.2569434
163.00408,7.5432652
163.01569,8.2160775
163.0273,7.4986631
163.03891,6.6981336
163.05052,6.9813381
163.06213,6.748804
163.07374,5.6911879
163.08535,5.8030189
163.09696,8.2218538
163.10857,5.9086179
163.12018,6.1812616
163.13179,5.5530698
163.1434,4.5892789
163.15501,5.7777462
163.16662,5.3252348
163.17823,3.9427566
163.18984,4.9744139
163.20145,4.8452777
163.21306,4.8806395
163.22467,3.596317
163.23628,5.7169958
163.24789,4.9700151
163.2595,3.5353342
163.27111,5.2809014
163.28272,4.606996
163.29433,3.6420366
163.30594,4.3556664
163.31755,4.0851936
163.32916,4.1980123
163.34077,3.9183882
163.35238,3.9323369
163.36399,4.9162319
163.3756,4.0054541
163.38721,5.2685933
163.39882,5.7736147
163.41043,9.5260953
163.42204,9.3085727
163.43365,10.073559
163.44526,7.6806113
163.45687,7.9166061
163.46848,8.9501182
163.48009,7.4033632
163.4917,5.8014746
163.50331,7.1204831
163.51492,7.0779293
163.52653,4.7192903
163.53814,6.0747072
163.54975,6.2281796
163.56136,4.3233351
163.57297,5.6552882
163.58458,6.2492532
163.59619,3.804155
163.6078,4.4670163
163.61941,5.9694304
163.63102,3.7836111
163.64263,2.8672151
163.65424,5.8289828
163.66585,3.8202382
163.67746,3.27414
163.68907,4.8073647
163.70068,3.0654984
163.71229,3.9923701
163.7239,3.7697319
163.73551,2.721466
163.74712,4.3308181
163.75873,3.3765756
163.77034,2.7057067
163.78195,4.7234444
163.79356,2.7063997
163.80517,6.3706804
163.81678,11.221662
163.82839,10.894388
163.84,10.246033
163.85161,10.359554
163.86322,10.212827
163.87483,10.542487
163.88644,9.6244122
163.89805,9.9896324
163.90966,9.6512208
163.92127,8.0312381
163.93288,9.3898302
163.94449,9.0539674
163.9561,7.4306991
163.96771,7.5258232
163.97932,7.5645048
163.99093,7.2210758
164.00254,6.6904587
164.01415,7.087576
164.02576,6.4764995
164.03737,5.9968934
164.04898,6.0605766
164.06059,5.7651342
164.0722,5.242663
164.08381,5.3029288
164.09542,5.0076235
164.10703,4.8767171
164.11864,4.5487298
164.13025,4.3166585
164.14186,4.5779388
164.15347,4.648392
164.16508,4.2545602
164.17669,4.0707821
164.1883,3.9137966
164.19991,3.4959839
164.21152,3.2477615
164.22313,2.8900715
164.23474,2.374133
164.24635,2.1547136
164.25796,1.9778021
164.26957,1.815797
164.28118,1.4305474
164.29279,1.4581845
164.3044,1.730386
164.31601,1.2997739
164.32762,1.464727
164.33923,1.6347078
164.35084,2.0611024
164.36245,2.3666135
164.37406,2.5591928
164.38567,2.7535133
164.39728,2.8580973
164.40889,2.9748413
164.4205,2.9842917
164.43211,2.8696428
164.44372,3.0281255
164.45533,2.9993709
164.46694,2.8370199
164.47855,2.9844712
164.49016,3.0723587
164.50177,3.1308746
164.51338,3.2109813
164.52499,3.2528716
164.5366,3.4103142
164.54821,3.3137942
164.55982,3.3378091
164.57143,3.3947595
164.58304,3.2260028
164.59465,3.1855767
164.60626,3.2560035
164.61787,3.1659399
164.62948,3.1796125
164.64109,3.30146
164.6527,3.4309368
164.66431,3.5351027
164.67592,3.5557129
164.68753,3.6719422
164.69914,3.6704525
164.71075,3.6086733
164.72236,3.4728712
164.73397,3.2984662
164.74558,3.1844076
164.75719,3.0412691
164.7688,2.8972315
164.78041,2.8915722
164.79202,2.9978729
164.80363,3.0693875
164.81524,3.0843656
164.82685,3.2704463
164.83846,3.2704843
164.85007,3.1857539
164.86168,3.0938659
164.87329,2.9088397
164.8849,2.7390575
164.89651,2.6252276
164.90812,2.4736609
164.91973,2.3485692
164.93134,2.3412342
164.94295,2.3497714
164.95456,2.4387396
164.96617,2.5171479
164.97778,2.6442224
164.98939,2.658665
165.001,2.6154727
165.01261,2.6452459
165.02422,2.5754631
165.03583,2.4613326
165.04744,2.3673081
165.05905,2.2143819
165.07066,2.1041646
165.08227,2.0099301
165.09388,2.0783017
165.10549,2.1295446
165.1171,2.1697659
165.12871,2.2978507
165.14032,2.3771081
165.15193,2.2984686
165.16354,2.3421214
165.17515,3.4957673
165.18676,3.8219521
165.19837,3.6422402
165.20998,3.2125188
165.22159,3.4523653
165.2332,2.9843013
165.24481,2.3205782
165.25642,3.1737026
165.26803,2.6009893
165.27964,3.5930827
165.29125,3.739704
165.30286,3.9135173
165.31447,3.865531
165.32608,3.6696594
165.33769,3.3671084
165.3493,2.6333659
165.36091,3.029565
165.37252,2.2660653
165.38413,3.0672006
165.39574,3.3384973
165.40735,3.6422869
165.41896,3.7860033
165.43057,3.8951399
165.44218,3.704585
165.45379,3.1126653
165.4654,3.1712523
165.47701,2.338815
165.48862,2.982361
165.50023,2.6801587
165.51184,3.3562323
165.52345,3.2916383
165.53506,3.3656198
165.54667,3.4768278
165.55828,3.1883715
165.56989,3.1115095
165.5815,2.3449442
165.59311,2.9201256
165.60472,2.2901511
165.61633,3.2153787
165.62794,2.7246063
165.63955,3.4498595
165.65116,2.9942868
165.66277,3.416798
165.67438,2.7238433
165.68599,2.9071103
165.6976,2.3314282
165.70921,2.4613727
165.72082,2.5450013
165.73243,2.3261226
165.74404,2.9758561
165.75565,2.528333
165.76726,3.2016167
165.77887,2.4630245
165.79048,3.1470762
165.80209,2.0818743
165.8137,4.4696765
165.82531,5.9276711
165.83692,5.4295549
165.84853,5.8800145
165.86014,5.4113795
165.87175,5.6452699
165.88336,5.7030781
165.89497,4.8097024
165.90658,4.8008928
165.91819,4.9680034
165.9298,4.6258626
165.94141,4.4739391
165.95302,4.2791264
165.96463,4.0032238
165.97624,4.0232111
165.98785,3.9063069
165.99946,3.4092199
166.01107,3.1677856
166.02268,3.3458645
166.03429,3.0123504
166.0459,2.2951903
166.05751,2.8336081
166.06912,2.7469091
166.08073,2.7673041
166.09234,3.3751191
166.10395,6.6705932
166.11556,7.2273996
166.12717,6.4106429
166.13878,7.0339027
166.15039,6.6349381
166.162,5.8750857
166.17361,6.6254206
166.18522,6.7101784
166.19683,5.494219
166.20844,5.5438669
166.22005,6.4674871
166.23166,5.5962265
166.24327,5.0307666
166.25488,5.5528121
166.26649,5.4331674
166.2781,4.584137
166.28971,4.7205299
166.30132,4.1133409
166.31293,4.4364279
166.32454,4.3931606
166.33615,4.0224544
166.34776,5.3199947
166.35937,3.1093973
166.37098,2.8595048
166.38259,4.4426922
166.3942,3.2061912
166.4058,2.6692901
166.41741,3.9079288
166.42902,2.3703155
166.44063,2.9026752
166.45224,3.4765161
166.46385,2.0585162
166.47546,3.043259
166.48707,3.0567513
166.49868,2.2404339
166.51029,3.2272553
166.5219,2.7847121
166.53351,2.7934505
166.54512,2.9807564
166.55673,2.7149073
166.56834,2.708383
166.57995,2.5841404
166.59156,3.0140435
166.60317,2.5218712
166.61478,2.8096144
166.62639,3.1032005
166.638,2.0846241
166.64961,2.7001753
166.66122,3.0539055
166.67283,1.6033093
166.68444,2.3805627
166.69605,2.8582314
166.70766,1.7273096
166.71927,2.2240294
166.73088,2.4945207
166.74249,1.8804442
166.7541,2.0767591
166.76571,2.2135804
166.77732,2.1124751
166.78893,2.8360621
166.80054,3.3572908
166.81215,4.504945
166.82376,4.5357295
166.83537,5.1977424
166.84698,4.519645
166.85859,5.0069127
166.8702,6.3339132
166.88181,4.8143207
166.89342,5.6531303
166.90503,4.4450933
166.91664,4.4406913
166.92825,3.8312389
166.93986,3.9051504
166.95147,3.7558353
166.96308,4.5496135
166.97469,4.3011277
166.9863,5.5706641
166.99791,4.3102563
167.00952,5.4990978
167.02113,4.8207849
167.03274,3.9380176
167.04435,4.3076905
167.05596,3.8485167
167.06757,4.2121585
167.07918,4.5636001
167.09079,4.3910529
167.1024,4.040836
167.11401,3.7351414
167.12562,4.4642073
167.13723,3.5902293
167.14884,3.7751733
167.16045,3.8434561
167.17206,4.478153
167.18367,2.4966399
167.19528,5.5966251
167.20689,2.4122093
167.2185,3.1394528
167.23011,2.6762008
167.24172,3.9949184
167.25333,4.7157307
167.26494,4.5700468
167.27655,5.1939369
167.28816,5.1590041
167.29977,4.4402648
167.31138,4.9984532
167.32299,3.032584
167.3346,3.6417298
167.34621,3.033277
167.35782,2.6881443
167.36943,3.8447499
167.38104,2.4324847
167.39265,4.1790636
167.40426,3.2788305
167.41587,3.9024001
167.42748,3.332062
167.43909,5.1379633
167.4507,3.5544523
167.46231,4.1422739
167.47392,3.6704629
167.48553,3.011776
167.49714,4.1587763
167.50875,3.4231072
167.52036,4.1378937
167.53197,4.1217464
167.54358,3.6548002
167.55519,4.3015079
167.5668,2.8891775
167.57841,3.9328016
167.59002,2.2371147
167.60163,2.6775006
167.61324,3.3536917
167.62485,3.2480515
167.63646,3.9221696
167.64807,3.4880025
167.65968,4.1957018
167.67129,4.688495
167.6829,4.8423218
167.69451,4.0763663
167.70612,4.9966349
167.71773,2.9014444
167.72934,4.3151518
167.74095,3.404007
167.75256,4.6468865
167.76417,4.2424266
167.77578,4.0490375
167.78739,4.2795247
167.799,3.5063953
167.81061,4.2310995
167.82222,3.7621809
167.83383,3.6335896
167.84544,3.8341405
167.85705,3.8380558
167.86866,4.469293
167.88027,3.7256935
167.89188,3.5347704
167.90349,3.317783
167.9151,2.9835061
167.92671,3.5592404
167.93832,3.3915998
167.94993,3.3204883
167.96154,3.6329043
167.97315,2.6766435
167.98476,3.5411541
167.99637,2.5050915
168.00798,3.179343
168.01959,2.7609768
168.0312,3.0607733
168.04281,3.2974257
168.05442,2.7431642
168.06603,3.7044437
168.07764,4.8642224
168.08925,4.5484153
168.10086,5.6513006
168.11247,5.4287818
168.12408,4.9100693
168.13569,4.9273892
168.1473,4.5300847
168.15891,4.9636336
168.17052,5.5101575
168.18213,4.0084788
168.19374,4.8334581
168.20535,3.0625691
168.21696,3.335768
168.22857,6.0081396
168.24018,5.464816
168.25179,5.2841692
168.2634,5.2746538
168.27501,3.6959604
168.28662,5.1265505
168.29823,5.5271719
168.30984,5.0958893
168.32145,3.5846876
168.33306,5.1629057
168.34467,5.3775877
168.35628,3.6224315
168.36789,4.7656478
168.3795,4.8005952
168.39111,3.1453871
168.40272,4.4124322
168.41433,4.6426946
168.42594,3.7600317
168.43755,4.0418347
168.44916,3.8060001
168.46077,4.2690984
168.47238,4.4791552
168.48399,3.2423856
168.4956,4.9226205
168.50721,5.1353981
168.51882,5.5812511
168.53043,8.3238105
168.54204,7.1920684
168.55365,7.9688182
168.56526,6.064659
168.57687,6.1961255
168.58848,5.3897422
168.60009,5.728293
168.6117,5.9906859
168.62331,4.1967663
168.63492,5.1313025
168.64653,5.0229876
168.65814,4.3883931
168.66975,5.2510575
168.68136,4.2337673
168.69297,4.1438499
168.70458,5.4801495
168.71619,9.4377469
168.7278,8.3349101
168.73941,8.7126311
168.75102,9.6122483
168.76263,7.7007984
168.77424,7.8122287
168.78585,9.1287423
168.79746,8.073501
168.80907,7.1017311
168.82068,7.8856237
168.83229,8.0379062
168.8439,7.146251
168.85551,7.2157039
168.86712,7.3448162
168.87873,6.9806713
168.89034,6.1993836
168.90195,6.5761747
168.91356,6.8713226
168.92517,4.4676705
168.93678,6.7829676
168.94839,6.9261448
168.96,7.0355221
168.97161,6.265511
168.98322,4.1591414
168.99483,6.8811175
169.00644,4.9393416
169.01805,4.4147987
169.02966,5.8377449
169.04127,4.6729582
169.05288,5.5588968
169.06449,4.8658188
169.0761,4.7728896
169.08771,5.4493338
169.09932,3.7998021
169.11093,4.6689547
169.12254,5.181797
169.13415,3.4625563
169.14576,4.5181333
169.15737,4.5443096
169.16898,3.2701559
169.18059,4.2655764
169.1922,3.9016137
169.20381,3.3818745
169.21542,4.3238225
169.22703,3.4191043
169.23864,2.7988022
169.25025,4.163504
169.26186,2.7949624
169.27347,2.7778632
169.28508,3.5418682
169.29669,2.8084853
169.3083,3.1138816
169.31991,3.5405809
169.33152,4.4870575
169.34313,5.154934
169.35474,4.461627
169.36635,4.9444775
169.37796,4.9342876
169.38957,7.4613908
169.40118,5.5366917
169.41279,5.5037586
169.4244,6.7164842
169.43601,4.7439211
169.44762,6.1498357
169.45923,4.6229125
169.47084,4.6890801
169.48245,5.063788
169.49406,4.7531095
169.50567,4.2041529
169.51728,6.7489676
169.52889,4.6980806
169.5405,6.0050609
169.55211,4.1608161
169.56372,5.5524189
169.57533,4.8770972
169.58694,5.0996326
169.59855,5.2323092
169.61016,4.5878257
169.62177,3.8474105
169.63338,5.0588338
169.64499,5.5070991
169.6566,4.1461578
169.66821,4.1059612
169.67982,4.884273
169.69143,4.6531688
169.70304,3.9899238
169.71465,3.9552876
169.72626,3.9309016
169.73787,5.0746834
169.74948,3.5889971
169.76109,5.0420819
169.7727,4.8587822
169.78431,5.0776984
169.79592,6.1013146
169.80753,4.1298037
169.81914,6.8353392
169.83075,4.1659905
169.84236,6.2043277
169.85397,5.6049444
169.86558,3.8984826
169.87719,5.0766591
169.8888,3.2709974
169.90041,4.3439352
169.91202,3.8515997
169.92363,4.8733316
169.93524,4.6509653
169.94685,5.4674412
169.95846,5.1280256
169.97007,4.169981
169.98168,5.2545013
169.99329,4.3299103
170.0049,5.089648
170.01651,3.9732878
170.02812,4.2368351
170.03973,3.3846468
170.05134,3.0987545
170.06295,4.5944381
170.07456,4.630278
170.08617,4.6216923
170.09778,4.480005
170.10939,4.0027737
170.121,4.4464095
170.13261,3.4631343
170.14422,2.968361
170.15583,3.5581101
170.16744,2.5051122
170.17905,3.9277517
170.19066,4.5583314
170.20227,3.5744381
170.21388,6.1270615
170.22549,6.0192183
170.2371,4.6552229
170.24871,5.9724508
170.26032,3.3781688
170.27193,5.3229894
170.28354,3.7216115
170.29515,5.1649075
170.30676,4.9488328
170.31837,4.1884816
170.32998,5.0322938
170.34159,3.0054499
170.3532,5.2790256
170.36481,3.3972302
170.37642,5.0214498
170.38803,4.8064319
170.39964,3.4223749
170.41125,5.4131631
170.42286,2.6477665
170.43447,5.1272075
170.44608,3.5536014
170.45769,4.5803519
170.4693,5.0046745
170.48091,2.6910769
170.49252,4.9277858
170.50413,2.7721106
170.51574,4.2554041
170.52735,3.6666347
170.53896,3.7477937
170.55057,4.394648
170.56218,3.0783602
170.57379,4.2968213
170.5854,2.980076
170.59701,6.4577348
170.60862,7.6411638
170.62023,6.8973079
170.63184,7.5647707
170.64345,7.3272596
170.65506,6.2058902
170.66667,5.9021959
170.67828,6.7505569
170.68989,6.9151688
170.7015,7.2899854
170.71311,5.3350097
170.72472,6.2564312
170.73633,5.780225
170.74794,5.518395
170.75955,6.4532329
170.77116,5.3165865
170.78277,6.497103
170.79438,7.4667284
170.80599,6.0050712
170.8176,6.7812421
170.82921,7.0377798
170.84082,6.9230483
170.85243,5.3320813
170.86404,6.3420743
170.87565,7.1145732
170.88726,5.4674458
170.89887,4.6469902
170.91048,6.0288789
170.92209,5.4712443
170.9337,4.8505046
170.94531,4.9670851
170.95692,5.5972355
170.96853,4.4648729
170.98014,4.7749294
170.99175,7.0527052
171.00336,7.6363052
171.01497,6.4135688
171.02658,6.7458196
171.03819,6.7753649
171.0498,6.1315788
171.06141,7.0215302
171.07302,5.6190083
171.08463,6.6589612
171.09624,6.3182237
171.10785,6.0396793
171.11946,5.9723779
171.13107,5.8988897
171.14268,6.1030054
171.15429,5.4517591
171.1659,6.2096946
171.17751,6.6164161
171.18912,8.2668938
171.20073,8.0131725
171.21234,8.0423756
171.22395,7.0030657
171.23556,7.6264957
171.24717,8.5073954
171.25878,8.9624929
171.27039,8.0995472
171.282,7.0687216
171.29361,6.7016419
171.30522,6.9855471
171.31683,6.9223898
171.32844,6.6886945
171.34005,5.9052249
171.35166,7.6891073
171.36327,6.9791029
171.37488,8.1534623
171.38649,6.6452296
171.3981,7.4481988
171.40971,5.885144
171.42132,6.0766606
171.43293,6.2605144
171.44454,7.6091395
171.45615,8.1060611
171.46776,8.6423745
171.47937,6.5777466
171.49098,7.458177
171.50259,7.133079
171.5142,7.2057096
171.5258,7.9727673
171.53741,6.98941
171.54902,8.4609933
171.56063,7.4540081
171.57224,7.5348517
171.58385,6.2953347
171.59546,7.171633
171.60707,5.6354672
171.61868,6.574019
171.63029,4.691686
171.6419,7.25699
171.65351,5.4485143
171.66512,7.6017692
171.67673,5.5903616
171.68834,7.0889345
171.69995,5.5653754
171.71156,6.1717487
171.72317,5.0585206
171.73478,5.7166225
171.74639,5.0704653
171.758,5.856404
171.76961,5.187705
171.78122,6.5452801
171.79283,5.0121941
171.80444,6.1443203
171.81605,4.3502879
171.82766,4.9316893
171.83927,4.726444
171.85088,7.249716
171.86249,9.1530409
171.8741,8.7141122
171.88571,11.407111
171.89732,8.6669629
171.90893,9.9066903
171.92054,8.9405953
171.93215,9.0263699
171.94376,6.8115085
171.95537,8.8456816
171.96698,7.7361295
171.97859,9.3068063
171.9902,6.5362252
172.00181,8.136212
172.01342,7.4162716
172.02503,6.0973096
172.03664,6.5959849
172.04825,6.8410733
172.05986,6.8092299
172.07147,6.6601455
172.08308,6.2737749
172.09469,7.5096376
172.1063,6.9124868
172.11791,6.3542548
172.12952,6.3292016
172.14113,6.086059
172.15274,5.9145022
172.16435,6.0393665
172.17596,7.7954912
172.18757,5.9556132
172.19918,7.0562564
172.21079,6.5171908
172.2224,6.3171044
172.23401,6.2095068
172.24562,4.8037213
172.25723,6.0405698
172.26884,4.3295623
172.28045,6.2511651
172.29206,6.7353946
172.30367,6.4694218
172.31528,8.2348163
172.32689,13.777947
172.3385,16.550696
172.35011,13.753124
172.36172,14.199822
172.37333,16.269738
172.38494,15.563291
172.39655,15.806042
172.40816,15.931858
172.41977,13.702634
172.43138,13.78436
172.44299,13.51223
172.4546,11.752706
172.46621,12.953894
172.47782,11.403547
172.48943,11.871759
172.50104,12.503483
172.51265,10.540011
172.52426,10.821777
172.53587,10.487456
172.54748,13.821265
172.55909,10.858045
172.5707,13.071992
172.58231,14.677135
172.59392,12.166015
172.60553,8.0551271
172.61714,11.904385
172.62875,11.840506
172.64036,6.6873904
172.65197,8.683546
172.66358,10.671205
172.67519,8.606656
172.6868,7.8576152
172.69841,9.4110104
172.71002,9.2203982
172.72163,5.9384519
172.73324,8.2075176
172.74485,10.50291
172.75646,18.211929
172.76807,20.301127
172.77968,24.613507
172.79129,19.454756
172.8029,21.766549
172.81451,18.979661
172.82612,18.782162
172.83773,18.573649
172.84934,15.05331
172.86095,14.61103
172.87256,13.462998
172.88417,15.439097
172.89578,15.963057
172.90739,15.672622
172.919,14.771724
172.93061,14.124127
172.94222,10.986453
172.95383,9.9760748
172.96544,8.9982249
172.97705,9.715065
172.98866,10.555771
173.00027,10.024189
173.01188,11.23655
173.02349,9.4293982
173.0351,11.055794
173.04671,10.512721
173.05832,11.078528
173.06993,12.107602
173.08154,8.7857825
173.09315,8.5243342
173.10476,7.2838615
173.11637,9.430382
173.12798,9.3105078
173.13959,9.9570989
173.1512,11.746991
173.16281,9.020684
173.17442,7.9222643
173.18603,8.6530154
173.19764,7.5530382
173.20925,7.0198572
173.22086,8.9605319
173.23247,7.69382
173.24408,7.8602651
173.25569,7.4585087
173.2673,7.6138451
173.27891,8.6501861
173.29052,8.2988537
173.30213,9.3411218
173.31374,8.7391369
173.32535,13.195282
173.33696,13.250785
173.34857,10.334948
173.36018,12.895227
173.37179,13.015538
173.3834,11.206521
173.39501,11.959889
173.40662,8.9418146
173.41823,11.995501
173.42984,9.2122148
173.44145,10.3757
173.45306,9.5613027
173.46467,9.0414503
173.47628,10.16755
173.48789,7.8954267
173.4995,10.066775
173.51111,7.776422
173.52272,8.5249235
173.53433,7.8532628
173.54594,6.7071727
173.55755,8.7076329
173.56916,6.856641
173.58077,8.0652069
173.59238,7.178808
173.60399,6.4311938
173.6156,7.2868701
173.62721,6.8960044
173.63882,8.0096479
173.65043,5.8060269
173.66204,7.6111773
173.67365,7.0793427
173.68526,5.388939
173.69687,7.6154425
173.70848,7.1160538
173.72009,7.5956199
173.7317,6.0894512
173.74331,8.0248981
173.75492,7.8245754
173.76653,8.5102542
173.77814,11.258124
173.78975,7.7123305
173.80136,8.7870866
173.81297,8.3068624
173.82458,8.2927271
173.83619,7.7493924
173.8478,7.0579615
173.85941,8.1379132
173.87102,7.1435803
173.88263,6.6494172
173.89424,7.6106927
173.90585,9.0208425
173.91746,9.173954
173.92907,8.0373073
173.94068,10.081856
173.95229,10.158293
173.9639,8.8403564
173.97551,10.462187
173.98712,8.443825
173.99873,9.1922186
174.01034,8.2941095
174.02195,8.6665954
174.03356,10.351672
174.04517,7.1537866
174.05678,10.097132
174.06839,6.1292337
174.08,9.3262077
174.09161,15.145027
174.10322,16.268985
174.11483,12.60239
174.12644,16.382021
174.13805,12.907086
174.14966,15.325984
174.16127,11.737184
174.17288,13.403598
174.18449,9.1629485
174.1961,11.265047
174.20771,8.8075877
174.21932,10.142138
174.23093,8.538339
174.24254,9.318775
174.25415,9.5281972
174.26576,8.786574
174.27737,8.7841308
174.28898,8.1015426
174.30059,7.6447121
174.3122,8.5225422
174.32381,8.8304059
174.33542,7.7326143
174.34703,8.6859967
174.35864,7.7044295
174.37025,8.5268972
174.38186,6.9757364
174.39347,8.025333
174.40508,7.5721066
174.41669,6.9631276
174.4283,7.5398328
174.43991,7.6702985
174.45152,7.3285715
174.46313,6.8090075
174.47474,8.5402875
174.48635,6.0509058
174.49796,8.010141
174.50957,6.5223561
174.52118,6.9411708
174.53279,5.8770357
174.5444,7.1323886
174.55601,5.3318732
174.56762,5.8360902
174.57923,4.8576329
174.59084,6.0263158
174.60245,4.8843459
174.61406,5.5848301
174.62567,5.5242106
174.63728,5.0875225
174.64889,5.1571626
174.6605,5.0177728
174.67211,4.9677938
174.68372,4.5447613
174.69533,5.225901
174.70694,4.3791588
174.71855,5.3898574
174.73016,5.2286867
174.74177,4.4659182
174.75338,4.5417066
174.76499,3.9084718
174.7766,4.6956649
174.78821,2.8874384
174.79982,5.3657171
174.81143,4.4328239
174.82304,4.4039364
174.83465,4.5700075
174.84626,5.2340147
174.85787,4.389128
174.86948,4.2932643
174.88109,4.5144252
174.8927,4.4399867
174.90431,4.3793323
174.91592,3.5835659
174.92753,4.0148467
174.93914,3.9229666
174.95075,4.0097443
174.96236,4.5618605
174.97397,4.2461168
174.98558,4.2960578
174.99719,4.2429698
175.0088,3.8245165
175.02041,3.8931901
175.03202,3.6751337
175.04363,3.4204154
175.05524,3.2903701
175.06685,3.5243028
175.07846,3.9808582
175.09007,3.5464344
175.10168,4.1454563
175.11329,3.7102363
175.1249,13.431488
175.13651,14.963871
175.14812,12.780412
175.15973,13.799426
175.17134,11.711789
175.18295,11.413165
175.19456,10.752914
175.20617,10.058194
175.21778,10.078729
175.22939,9.2275183
175.241,8.9064476
175.25261,8.3707226
175.26422,8.5971448
175.27583,8.1790537
175.28744,7.7651896
175.29905,7.730956
175.31066,7.1667532
175.32227,7.396709
175.33388,5.8476603
175.34549,6.6843612
175.3571,5.5097105
175.36871,6.4791962
175.38032,5.8077121
175.39193,5.7070642
175.40354,5.5940289
175.41515,5.5975005
175.42676,5.4451273
175.43837,8.7455971
175.44998,10.491263
175.46159,13.382945
175.4732,16.043898
175.48481,13.441909
175.49642,13.380902
175.50803,13.011119
175.51964,13.784317
175.53125,11.819357
175.54286,13.468575
175.55447,11.241626
175.56608,12.316738
175.57769,10.668276
175.5893,11.407159
175.60091,10.917116
175.61252,10.652715
175.62413,9.8948817
175.63574,9.6860883
175.64735,9.7531291
175.65896,8.0844919
175.67057,9.575237
175.68218,7.3699125
175.69379,9.1660969
175.7054,7.6287619
175.71701,7.526436
175.72862,7.0173806
175.74023,6.9173748
175.75184,6.5938078
175.76345,6.3204133
175.77506,5.7861536
175.78667,5.968103
175.79828,5.1079395
175.80989,5.207057
175.8215,5.7193756
175.83311,5.3154856
175.84472,5.2156709
175.85633,5.3232134
175.86794,5.5374228
175.87955,5.0280902
175.89116,4.9956532
175.90277,4.5978364
175.91438,4.4675625
175.92599,4.1441758
175.9376,4.220234
175.94921,4.4804527
175.96082,4.1691741
175.97243,4.087385
175.98404,3.7928689
175.99565,3.6439066
176.00726,3.5553703
176.01887,3.461728
176.03048,2.9570333
176.04209,3.3212563
176.0537,3.0131029
176.06531,3.1168637
176.07692,2.7735193
176.08853,3.1129027
176.10014,2.7640529
176.11175,3.0433463
176.12336,2.4624103
176.13497,2.7487771
176.14658,2.8005609
176.15819,2.5341096
176.1698,2.6371065
176.18141,2.3529798
176.19302,2.8658386
176.20463,2.5261121
176.21624,2.8033047
176.22785,2.090306
176.23946,2.5141936
176.25107,2.3519972
176.26268,2.5975173
176.27429,1.7340301
176.2859,2.2052994
176.29751,1.9286575
176.30912,2.5282129
176.32073,1.8376107
176.33234,2.0720464
176.34395,2.0053337
176.35556,2.4956756
176.36717,2.4115412
176.37878,2.1740186
176.39039,2.279307
176.402,2.2095597
176.41361,2.4531296
176.42522,2.1377417
176.43683,2.1529805
176.44844,2.2237517
176.46005,2.3715506
176.47166,2.3064376
176.48327,2.1635996
176.49488,2.2306811
176.50649,2.1847593
176.5181,2.2268669
176.52971,2.2338516
176.54132,2.2323652
176.55293,2.2602904
176.56454,2.1926758
176.57615,2.1582468
176.58776,2.1198863
176.59937,2.1336951
176.61098,1.9728914
176.62259,2.0486332
176.6342,1.9162543
176.6458,1.9614564
176.65741,1.8700757
176.66902,1.8120746
176.68063,1.7875645
176.69224,1.6518464
176.70385,1.6918441
176.71546,1.5812086
176.72707,1.5573269
176.73868,1.6010717
176.75029,1.5285868
176.7619,1.5477206
176.77351,1.5076387
176.78512,1.4475582
176.79673,1.4656743
176.80834,1.4811657
176.81995,1.5120095
176.83156,1.4349566
176.84317,1.4112389
176.85478,1.451837
176.86639,1.5232661
176.878,1.4520341
176.88961,1.3521832
176.90122,1.3669156
176.91283,1.4661284
176.92444,1.4042269
176.93605,1.3275649
176.94766,1.2471981
176.95927,1.3151921
176.97088,1.3396583
176.98249,1.2139283
176.9941,1.0882643
177.00571,1.1485304
177.01732,7.8433841
177.02893,10.461062
177.04054,11.961389
177.05215,12.603958
177.06376,11.337722
177.07537,10.596249
177.08698,9.8184699
177.09859,9.7275295
177.1102,9.4749633
177.12181,9.50079
177.13342,8.8017262
177.14503,8.3738502
177.15664,7.8992912
177.16825,7.9334597
177.17986,7.6118574
177.19147,6.6191948
177.20308,6.2543456
177.21469,5.5751264
177.2263,5.1404347
177.23791,4.5687302
177.24952,4.2819005
177.26113,4.385029
177.27274,4.0608869
177.28435,4.5298061
177.29596,3.9756831
177.30757,3.8428753
177.31918,3.76608
177.33079,4.4713569
177.3424,4.3591447
177.35401,3.6869188
177.36562,3.7329342
177.37723,3.9554341
177.38884,3.9062963
177.40045,3.4911833
177.41206,3.1832127
177.42367,3.4698993
177.43528,3.5147329
177.44689,3.3613741
177.4585,3.3737838
177.47011,3.0516218
177.48172,3.9778616
177.49333,7.1080513
177.50494,8.5432596
177.51655,9.4061344
177.52816,8.4690967
177.53977,11.134593
177.55138,12.397441
177.56299,12.604972
177.5746,11.372479
177.58621,12.073134
177.59782,9.7273373
177.60943,10.954206
177.62104,8.0643828
177.63265,8.7561469
177.64426,7.5185803
177.65587,8.1138739
177.66748,7.8471292
177.67909,7.3906058
177.6907,7.2844795
177.70231,7.4873127
177.71392,7.1634688
177.72553,7.2469177
177.73714,7.4201018
177.74875,7.0797963
177.76036,7.5215167
177.77197,7.0706802
177.78358,7.0299448
177.79519,6.9913317
177.8068,6.9531689
177.81841,6.8319168
177.83002,6.7245437
177.84163,6.1902769
177.85324,6.3631254
177.86485,6.0817736
177.87646,6.1613058
177.88807,6.4863928
177.89968,6.0223876
177.91129,6.2590365
177.9229,6.3264432
177.93451,6.0675698
177.94612,6.0108459
177.95773,5.4954866
177.96934,5.6484245
177.98095,4.8745381
177.99256,4.7088523
178.00417,4.214546
178.01578,4.1601707
178.02739,3.3422168
178.039,3.5161139
178.05061,3.2607648
178.06222,3.3388023
178.07383,3.3398866
178.08544,3.0993632
178.09705,2.9627901
178.10866,2.7204379
178.12027,2.5712391
178.13188,2.8634275
178.14349,2.5378478
178.1551,2.4394814
178.16671,2.4596275
178.17832,2.6331239
178.18993,2.4647045
178.20154,2.1174279
178.21315,2.2339221
178.22476,2.2577541
178.23637,2.5661024
178.24798,2.206005
178.25959,2.3340958
178.2712,2.1620686
178.28281,2.5615598
178.29442,2.2277787
178.30603,2.3162448
178.31764,1.918041
178.32925,2.3656965
178.34086,2.3199745
178.35247,2.3220573
178.36408,6.9710159
178.37569,10.129965
178.3873,11.27546
178.39891,11.940617
178.41052,11.739497
178.42213,10.892368
178.43374,10.546235
178.44535,10.039865
178.45696,9.9370179
178.46857,9.5314393
178.48018,8.9725636
178.49179,8.0015384
178.5034,8.3714848
178.51501,8.2759288
178.52662,8.4121426
178.53823,7.2239561
178.54984,7.2489491
178.56145,6.4477346
178.57306,6.4287531
178.58467,5.5709452
178.59628,5.9439891
178.60789,5.6750311
178.6195,11.699558
178.63111,13.704768
178.64272,9.5706133
178.65433,11.586403
178.66594,8.7830016
178.67755,12.03782
178.68916,8.2873878
178.70077,10.207579
178.71238,7.7571481
178.72399,8.6698603
178.7356,8.3140846
178.74721,7.7346704
178.75882,8.3418725
178.77043,6.0174686
178.78204,8.2094746
178.79365,5.0273427
178.80526,7.6049352
178.81687,4.8313332
178.82848,6.408247
178.84009,5.628791
178.8517,6.1981563
178.86331,5.2009635
178.87492,6.0977467
178.88653,5.2424941
178.89814,5.2876972
178.90975,5.0619425
178.92136,4.1418199
178.93297,4.3373538
178.94458,3.7236524
178.95619,4.175779
178.9678,3.8472616
178.97941,4.053637
178.99102,3.7459813
179.00263,3.7936026
179.01424,3.8505763
179.02585,3.8083211
179.03746,3.3930345
179.04907,3.3258157
179.06068,3.3788654
179.07229,3.1676993
179.0839,2.9560868
179.09551,2.9289441
179.10712,2.9881755
179.11873,2.8795773
179.13034,2.469155
179.14195,2.5899855
179.15356,2.6861335
179.16517,2.8346728
179.17678,2.7940175
179.18839,2.8128562
179.2,2.7598023
179.21161,2.8476155
179.22322,2.8082389
179.23483,2.6420799
179.24644,2.6713468
179.25805,2.7333425
179.26966,2.7068969
179.28127,2.5482341
179.29288,2.5029652
179.30449,2.4213999
179.3161,2.304637
179.32771,2.3496759
179.33932,2.4156558
179.35093,2.4432153
179.36254,2.3096707
179.37415,2.1883455
179.38576,2.3017239
179.39737,2.4571987
179.40898,2.2783823
179.42059,1.9553624
179.4322,1.9938486
179.44381,2.2509406
179.45542,2.2545516
179.46703,2.0210163
179.47864,1.7292471
179.49025,1.9209084
179.50186,2.1757599
179.51347,2.1143498
179.52508,1.9101835
179.53669,2.0015011
179.5483,2.0809804
179.55991,2.0659284
179.57152,2.025924
179.58313,1.9167903
179.59474,1.9628233
179.60635,2.0210744
179.61796,2.0013511
179.62957,1.888849
179.64118,1.7911649
179.65279,1.8429957
179.6644,1.9549668
179.67601,1.8267515
179.68762,1.7474284
179.69923,1.7801747
179.71084,1.9050282
179.72245,1.8733781
179.73406,1.7948655
179.74567,1.7446051
179.75728,1.8195441
179.76889,1.8507765
179.7805,1.8461934
179.79211,1.7300265
179.80372,1.6815986
179.81533,1.7132087
179.82694,1.756016
179.83855,1.7321894
179.85016,1.6827669
179.86177,1.6583509
179.87338,1.6760736
179.88499,1.6873451
179.8966,1.639958
179.90821,1.6293878
179.91982,1.6067802
179.93143,1.6002434
179.94304,1.577153
179.95465,1.5733319
179.96626,1.5893835
179.97787,1.5187162
179.98948,1.4747289
180.00109,1.5181264
180.0127,1.5621078
180.02431,1.4948874
180.03592,1.4249634
180.04753,1.4463409
180.05914,1.5272239
180.07075,1.4991204
180.08236,1.4000192
180.09397,1.4064664
180.10558,1.453385
180.11719,1.4904425
180.1288,1.4287609
180.14041,1.3778697
180.15202,1.3705285
180.16363,1.3887322
180.17524,1.3869873
180.18685,1.3176574
180.19846,1.3133724
180.21007,1.3450345
180.22168,1.3574295
180.23329,1.2998246
180.2449,1.2707791
180.25651,1.279736
180.26812,1.2986165
180.27973,1.2502607
180.29134,1.2116319
180.30295,1.2290207
180.31456,1.257601
180.32617,1.2856544
180.33778,1.1964571
180.34939,1.1943252
180.361,1.1998014
180.37261,1.2284873
180.38422,1.1676868
180.39583,1.1665097
180.40744,1.1573287
180.41905,1.200149
180.43066,1.1764403
180.44227,1.1023699
180.45388,1.0813285
180.46549,1.1042628
180.4771,1.116016
180.48871,1.0766839
180.50032,1.0397533
180.51193,1.0296835
180.52354,1.046561
180.53515,1.0127288
180.54676,0.96374381
180.55837,1.00008
180.56998,1.0117891
180.58159,0.96086306
180.5932,0.90598153
180.60481,0.92480912
180.61642,0.94949099
180.62803,0.93876944
180.63964,0.92249064
180.65125,0.89459349
180.66286,0.90103168
180.67447,0.92083676
180.68608,0.90008407
180.69769,0.86322529
180.7093,0.88604904
180.72091,0.8960319
180.73252,0.90922805
180.74413,0.89355215
180.75574,0.85847646
180.76735,0.89701019
180.77896,0.88066959
180.79057,0.86918438
180.80218,0.87726211
180.81379,0.87771308
180.8254,0.85053074
180.83701,0.88732529
180.84862,0.84806067
180.86023,0.85430826
180.87184,0.8338605
180.88345,0.85060346
180.89506,0.83150103
180.90667,0.79202472
180.91828,0.77960402
180.92989,0.77612895
180.9415,0.81009025
180.95311,0.79943646
180.96472,0.75678098
180.97633,0.77201667
180.98794,0.77360923
180.99955,0.76466265
181.01116,0.74343765
181.02277,0.72107387
181.03438,0.70897561
181.04599,0.73340957
181.0576,0.71772976
181.06921,0.73256345
181.08082,0.7264913
181.09243,0.71151412
181.10404,0.70861943
181.11565,0.72313265
181.12726,0.70239708
181.13887,0.68727102
181.15048,0.68378388
181.16209,0.67804389
181.1737,0.68300539
181.18531,0.69177522
181.19692,0.63490857
181.20853,0.66776817
181.22014,0.69537955
181.23175,0.64467149
181.24336,0.66474031
181.25497,0.64209271
181.26658,0.63158516
181.27819,0.6893332
181.2898,0.66714845
181.30141,0.64782808
181.31302,0.63853882
181.32463,0.6887758
181.33624,0.66899759
181.34785,0.67089672
181.35946,0.62942031
181.37107,0.64832068
181.38268,0.63389772
181.39429,0.62923265
181.4059,0.62693724
181.41751,0.59751047
181.42912,0.6255456
181.44073,0.64004145
181.45234,0.61718204
181.46395,0.57167178
181.47556,0.55336622
181.48717,0.53828558
181.49878,0.56711494
181.51039,0.56062895
181.522,0.53166777
181.53361,0.54974739
181.54522,0.54490385
181.55683,0.54806716
181.56844,0.52830747
181.58005,0.53013947
181.59166,0.54430942
181.60327,0.52669782
181.61488,0.52927291
181.62649,0.51297227
181.6381,0.51809002
181.64971,0.52856761
181.66132,0.53606951
181.67293,0.53047224
181.68454,0.5053202
181.69615,1.4929148
181.70776,4.2622936
181.71937,5.6688604
181.73098,5.2298256
181.74259,5.0502467
181.7542,4.8685813
181.7658,4.9509378
181.77741,4.8672287
181.78902,4.7107192
181.80063,4.7357682
181.81224,4.4161846
181.82385,4.4206795
181.83546,4.45788
181.84707,4.3282682
181.85868,4.0921444
181.87029,3.9828044
181.8819,3.9165082
181.89351,3.7306269
181.90512,3.6714405
181.91673,3.5280559
181.92834,3.4439987
181.93995,3.3853602
181.95156,3.1976703
181.96317,3.0758494
181.97478,3.0127683
181.98639,2.9042544
181.998,2.7720679
182.00961,2.6450403
182.02122,2.5828531
182.03283,2.5059815
182.04444,2.4780268
182.05605,2.365884
182.06766,2.1326126
182.07927,2.0607713
182.09088,1.9930688
182.10249,1.9040001
182.1141,1.8404882
182.12571,1.6880213
182.13732,1.5435456
182.14893,1.5330522
182.16054,1.4610158
182.17215,1.2104178
182.18376,1.1445158
182.19537,1.0217746
182.20698,0.93896531
182.21859,0.64257696
182.2302,0.53946402
182.24181,0.30409905
182.25342,0.4026215
182.26503,0.57528803
182.27664,0.67384487
182.28825,0.76197048
182.29986,0.8284819
182.31147,0.91280029
182.32308,0.97491665
182.33469,1.0478654
182.3463,1.1633309
182.35791,1.1605585
182.36952,1.2646333
182.38113,1.3674829
182.39274,1.3388576
182.40435,1.4263049
182.41596,1.4671827
182.42757,1.4691015
182.43918,1.5248004
182.45079,1.539976
182.4624,1.5373766
182.47401,1.5402417
182.48562,1.5350704
182.49723,1.5254251
182.50884,1.5251386
182.52045,1.5001598
182.53206,1.5239442
182.54367,1.560588
182.55528,1.5559801
182.56689,1.5465379
182.5785,1.5639342
182.59011,1.5225008
182.60172,1.5399169
182.61333,1.5647885
182.62494,1.5168211
182.63655,1.5282136
182.64816,1.5252794
182.65977,1.4949544
182.67138,1.5153403
182.68299,1.496087
182.6946,1.3906117
182.70621,1.3434456
182.71782,1.3182223
182.72943,1.346058
182.74104,1.3724524
182.75265,1.3065044
182.76426,1.3092326
182.77587,1.3533537
182.78748,1.3167149
182.79909,1.2967408
182.8107,1.3214641
182.82231,1.2808337
182.83392,1.2517782
182.84553,1.2761098
182.85714,1.2105353
182.86875,1.1867285
182.88036,1.2010671
182.89197,1.1831806
182.90358,1.1734563
182.91519,1.1718285
182.9268,1.151476
182.93841,1.1257195
182.95002,1.121675
182.96163,1.0911978
182.97324,1.1089933
182.98485,1.5691423
182.99646,1.6767223
183.00807,1.7078339
183.01968,1.8357721
183.03129,1.7327324
183.0429,1.7687395
183.05451,1.6793694
183.06612,1.6278056
183.07773,1.8250645
183.08934,1.3865703
183.10095,1.8802575
183.11256,1.7191952
183.12417,1.3467489
183.13578,1.8929717
183.14739,1.6445731
183.159,1.6656598
183.17061,1.9772822
183.18222,1.5779689
183.19383,1.7203015
183.20544,1.8886675
183.21705,1.6080346
183.22866,1.7067509
183.24027,1.7491053
183.25188,1.2434052
183.26349,1.8259858
183.2751,1.5966567
183.28671,1.4093775
183.29832,1.9035828
183.30993,1.5003384
183.32154,1.6698222
183.33315,1.9453879
183.34476,1.3849193
183.35637,1.8801681
183.36798,1.8233817
183.37959,1.3919589
183.3912,1.9598263
183.40281,1.6929462
183.41442,1.5308292
183.42603,1.9101886
183.43764,1.4900768
183.44925,1.5555115
183.46086,1.7437282
183.47247,1.2708897
183.48408,1.609858
183.49569,1.5853286
183.5073,1.2084538
183.51891,1.700276
183.53052,1.4884959
183.54213,1.3501978
183.55374,1.7169693
183.56535,1.3700554
183.57696,1.4343437
183.58857,1.6076696
183.60018,1.2617163
183.61179,1.532544
183.6234,1.5247284
183.63501,1.3626873
183.64662,1.640631
183.65823,1.4601055
183.66984,1.4190971
183.68145,1.5971121
183.69306,1.2876552
183.70467,1.3804618
183.71628,1.7048678
183.72789,3.2822679
183.7395,3.1062446
183.75111,4.1173399
183.76272,3.3647914
183.77433,3.5472166
183.78594,3.64441
183.79755,2.9437706
183.80916,3.2234794
183.82077,3.1554368
183.83238,2.2899196
183.84399,2.5646065
183.8556,2.5599229
183.86721,1.5756138
183.87882,2.3651021
183.89043,2.4067868
183.90204,2.0305742
183.91365,3.2174176
183.92526,6.3212236
183.93687,7.3979904
183.94848,6.6192125
183.96009,6.0633083
183.9717,6.0769297
183.98331,6.0805288
183.99492,5.5917225
184.00653,4.986307
184.01814,5.0782022
184.02975,5.155644
184.04136,4.4672196
184.05297,3.8999724
184.06458,4.0171973
184.07619,4.4961947
184.0878,4.1944552
184.09941,3.4259653
184.11102,3.5600874
184.12263,3.7037695
184.13424,3.3356505
184.14585,2.6380151
184.15746,2.5724704
184.16907,3.1913013
184.18068,3.0917211
184.19229,2.5834203
184.2039,2.3417432
184.21551,2.9776962
184.22712,3.0134932
184.23873,2.4194616
184.25034,2.4507186
184.26195,2.7121474
184.27356,2.4286862
184.28517,1.8373066
184.29678,1.7573939
184.30839,2.0623604
184.32,2.2118755
184.33161,1.8014372
184.34322,1.7342749
184.35483,2.2401347
184.36644,1.9029588
184.37805,1.736835
184.38966,1.6159935
184.40127,1.8187764
184.41288,2.0363216
184.42449,1.5623916
184.4361,1.4708629
184.44771,1.9399368
184.45932,2.0569245
184.47093,1.5217377
184.48254,1.5156282
184.49415,1.8503148
184.50576,1.6057772
184.51737,1.4040328
184.52898,1.4546554
184.54059,1.4817943
184.5522,1.7271903
184.56381,2.4836545
184.57542,2.2091167
184.58703,1.9721737
184.59864,1.8313822
184.61025,1.9589992
184.62186,2.5481358
184.63347,2.892009
184.64508,2.8160066
184.65669,2.4847759
184.6683,2.6544953
184.67991,2.5489806
184.69152,2.2294487
184.70313,2.6245976
184.71474,2.4022078
184.72635,2.3367292
184.73796,2.3082103
184.74957,2.3254298
184.76118,2.2550595
184.77279,2.2781005
184.7844,2.4853165
184.79601,2.4425826
184.80762,2.229821
184.81923,2.071718
184.83084,2.2412642
184.84245,2.2283701
184.85406,2.1019081
184.86567,2.1020524
184.87728,2.2138392
184.88889,2.3323034
184.9005,2.0196196
184.91211,1.9824884
184.92372,2.0297167
184.93533,1.8839908
184.94694,1.889351
184.95855,1.9950271
184.97016,1.9226578
184.98177,1.8126741
184.99338,1.8619553
185.00499,1.9128584
185.0166,1.7840916
185.02821,1.7395294
185.03982,1.8354264
185.05143,1.8580946
185.06304,1.5689687
185.07465,1.4783773
185.08626,1.8245514
185.09787,1.8630009
185.10948,1.5392134
185.12109,1.6024697
185.1327,1.7160156
185.14431,1.5319464
185.15592,1.4187269
185.16753,1.677593
185.17914,1.7472835
185.19075,1.503936
185.20236,1.5785343
185.21397,1.6589488
185.22558,1.6742481
185.23719,1.5811138
185.2488,1.6790665
185.26041,2.3242798
185.27202,2.5997301
185.28363,2.0084926
185.29524,2.0403414
185.30685,1.6333962
185.31846,1.6858221
185.33007,1.5969205
185.34168,2.7744592
185.35329,4.2987533
185.3649,4.3150186
185.37651,4.3235063
185.38812,4.8107692
185.39973,4.5011073
185.41134,4.1342113
185.42295,4.3465502
185.43456,3.7368398
185.44617,3.8448701
185.45778,3.487799
185.46939,2.8684555
185.481,3.3029537
185.49261,2.5058713
185.50422,2.1557292
185.51583,2.3801949
185.52744,2.0928844
185.53905,2.43929
185.55066,2.2108357
185.56227,1.954672
185.57388,2.1143537
185.58549,1.6661349
185.5971,1.905149
185.60871,1.8143394
185.62032,1.5246085
185.63193,1.8217412
185.64354,1.5474826
185.65515,1.8134021
185.66676,1.6669228
185.67837,1.7986619
185.68998,1.5961725
185.70159,1.6308481
185.7132,1.4447516
185.72481,1.5138486
185.73642,1.4271383
185.74803,1.4705696
185.75964,1.3365907
185.77125,1.4022131
185.78286,1.5372747
185.79447,1.2742935
185.80608,1.5550848
185.81769,1.3558716
185.8293,1.5203139
185.84091,1.4327981
185.85252,1.4362093
185.86413,1.6922767
185.87574,1.4895684
185.88735,1.6793037
185.89896,1.7133394
185.91057,1.6518643
185.92218,1.7707113
185.93379,1.6216924
185.9454,1.8732432
185.95701,1.8871525
185.96862,1.7376023
185.98023,1.9804497
185.99184,1.7991222
186.00345,1.8694584
186.01506,1.9155887
186.02667,1.7317345
186.03828,1.8818152
186.04989,1.7849935
186.0615,1.7552059
186.07311,1.8555611
186.08472,1.6732632
186.09633,1.795092
186.10794,1.6615751
186.11955,1.6838331
186.13116,1.8045155
186.14277,1.5962372
186.15438,2.0870672
186.16599,2.4541272
186.1776,2.3846335
186.18921,2.1135846
186.20082,2.1787612
186.21243,2.1888499
186.22404,2.0847467
186.23565,2.2529093
186.24726,2.0283906
186.25887,1.9720701
186.27048,2.0588593
186.28209,1.7812525
186.2937,1.9898525
186.30531,1.9216789
186.31692,1.7748526
186.32853,2.0689341
186.34014,1.7688396
186.35175,1.9405597
186.36336,1.9330754
186.37497,1.7885624
186.38658,1.9566468
186.39819,1.867916
186.4098,1.7762432
186.42141,1.9370512
186.43302,1.6571472
186.44463,1.8947849
186.45624,1.7517252
186.46785,1.8475663
186.47946,1.8942876
186.49107,1.6496624
186.50268,1.6519374
186.51429,1.7174848
186.5259,1.5502983
186.53751,1.6052721
186.54912,1.5145626
186.56073,1.4465912
186.57234,1.5384573
186.58395,1.3369493
186.59556,1.6342503
186.60717,1.4186654
186.61878,1.5459885
186.63039,1.4592138
186.642,1.6166897
186.65361,1.4034312
186.66522,1.6346446
186.67683,1.3570831
186.68844,1.5206279
186.70005,1.3889391
186.71166,1.3570364
186.72327,1.9510608
186.73488,5.2293652
186.74649,7.6900331
186.7581,7.88032
186.76971,6.9747146
186.78132,6.7644236
186.79293,7.1588239
186.80454,6.6004352
186.81615,6.6089459
186.82776,6.8491354
186.83937,5.8512481
186.85098,6.3131332
186.86259,6.5268696
186.8742,5.6260731
186.8858,6.1812446
186.89741,5.7263052
186.90902,5.1969976
186.92063,5.7886374
186.93224,5.2724019
186.94385,4.8500913
186.95546,5.2983749
186.96707,4.7557919
186.97868,4.4792658
186.99029,4.7719287
187.0019,4.0277203
187.01351,4.2763682
187.02512,6.5136072
187.03673,4.4473361
187.04834,5.4517739
187.05995,7.1486673
187.07156,5.4142552
187.08317,5.4322407
187.09478,6.367906
187.10639,4.5584126
187.118,5.0502292
187.12961,5.4209701
187.14122,3.5653607
187.15283,3.8324648
187.16444,4.4396398
187.17605,2.9706756
187.18766,3.8448996
187.19927,4.0344295
187.21088,3.1236806
187.22249,3.8097235
187.2341,3.7462423
187.24571,2.9035674
187.25732,3.1485823
187.26893,2.8896406
187.28054,4.8851221
187.29215,7.8229254
187.30376,9.077863
187.31537,8.4997401
187.32698,8.8782626
187.33859,8.9402658
187.3502,7.1417557
187.36181,6.4826256
187.37342,8.1025541
187.38503,8.5451182
187.39664,6.8557903
187.40825,5.0316621
187.41986,5.4427311
187.43147,6.4694636
187.44308,5.8717072
187.45469,8.1457544
187.4663,7.8165056
187.47791,6.6143082
187.48952,6.7991759
187.50113,7.1167765
187.51274,5.9210266
187.52435,5.1545444
187.53596,5.5576451
187.54757,6.0588515
187.55918,5.5329118
187.57079,4.3815085
187.5824,4.6491805
187.59401,4.9314709
187.60562,4.3810785
187.61723,3.3001329
187.62884,3.7899247
187.64045,4.2631575
187.65206,3.6752012
187.66367,3.1166867
187.67528,3.3797311
187.68689,3.9533768
187.6985,3.3520882
187.71011,2.4348323
187.72172,2.1361408
187.73333,2.5975119
187.74494,2.9918397
187.75655,2.7815339
187.76816,2.3029857
187.77977,2.4107764
187.79138,2.5495868
187.80299,2.4465803
187.8146,1.7344052
187.82621,1.5145248
187.83782,1.7903417
187.84943,1.4677421
187.86104,1.6206398
187.87265,1.3290764
187.88426,1.6114388
187.89587,1.9901534
187.90748,1.8053451
187.91909,2.1908296
187.9307,4.7922928
187.94231,5.5457899
187.95392,5.5029917
187.96553,5.2262848
187.97714,5.3572282
187.98875,4.8608577
188.00036,4.4803043
188.01197,4.6338879
188.02358,3.5710154
188.03519,3.9432417
188.0468,3.7114504
188.05841,2.7375205
188.07002,3.6322926
188.08163,2.6181412
188.09324,2.6861294
188.10485,3.3205716
188.11646,2.266741
188.12807,2.5534578
188.13968,2.7147471
188.15129,1.1751489
188.1629,2.4377195
188.17451,1.8365512
188.18612,2.0239713
188.19773,1.9639098
188.20934,1.359391
188.22095,1.6527223
188.23256,1.1639443
188.24417,1.1000911
188.25578,1.4277674
188.26739,1.0662563
188.279,1.5519575
188.29061,2.4764046
188.30222,5.2507964
188.31383,7.0911038
188.32544,7.799206
188.33705,7.2231613
188.34866,6.5602759
188.36027,6.8701646
188.37188,6.1098416
188.38349,6.0735558
188.3951,5.7658333
188.40671,4.7648021
188.41832,5.2960909
188.42993,4.6602929
188.44154,4.1264047
188.45315,4.0714916
188.46476,4.0772588
188.47637,4.4733894
188.48798,3.6946915
188.49959,4.5323613
188.5112,4.5005029
188.52281,4.470339
188.53442,4.1265322
188.54603,3.4928122
188.55764,3.0696724
188.56925,3.0163646
188.58086,3.4549961
188.59247,3.4400421
188.60408,3.1142026
188.61569,2.8845133
188.6273,2.5277798
188.63891,2.488979
188.65052,4.4205948
188.66213,5.6360561
188.67374,6.391605
188.68535,5.0874514
188.69696,6.0632459
188.70857,5.4407862
188.72018,5.6804915
188.73179,4.2214521
188.7434,4.5754884
188.75501,4.2573257
188.76662,3.5120099
188.77823,4.2226054
188.78984,3.0308649
188.80145,3.4134127
188.81306,2.6909032
188.82467,3.4312553
188.83628,2.3824094
188.84789,3.1970693
188.8595,2.7201653
188.87111,3.2992065
188.88272,3.7896607
188.89433,4.2690484
188.90594,4.5770316
188.91755,4.3398869
188.92916,3.8742068
188.94077,3.5349277
188.95238,3.7456712
188.96399,3.3830051
188.9756,3.7474594
188.98721,3.4127498
188.99882,3.5133067
189.01043,3.0890617
189.02204,3.3441422
189.03365,3.4154784
189.04526,3.3834343
189.05687,3.2577055
189.06848,3.136831
189.08009,3.0329372
189.0917,2.849973
189.10331,2.6778457
189.11492,2.3487627
189.12653,2.0178937
189.13814,1.7669469
189.14975,1.7757695
189.16136,1.6385975
189.17297,1.9624367
189.18458,1.6696394
189.19619,1.8204571
189.2078,1.6822501
189.21941,1.6844138
189.23102,1.3717667
189.24263,1.6208333
189.25424,1.7223886
189.26585,1.7550812
189.27746,1.4553628
189.28907,1.4722939
189.30068,1.4389511
189.31229,1.5007678
189.3239,1.4383554
189.33551,1.3809268
189.34712,1.3230123
189.35873,1.4634518
189.37034,1.6171702
189.38195,1.5130855
189.39356,1.2777158
189.40517,1.4408046
189.41678,1.2866444
189.42839,1.3047844
189.44,1.1434369
189.45161,1.2247725
189.46322,1.0744767
189.47483,1.2578643
189.48644,1.2623024
189.49805,1.2062362
189.50966,0.98459061
189.52127,1.1394821
189.53288,1.248206
189.54449,1.165687
189.5561,1.0197279
189.56771,1.2651689
189.57932,1.1274771
189.59093,1.3522963
189.60254,1.2867874
189.61415,1.3692474
189.62576,1.2550877
189.63737,1.2872395
189.64898,1.2572026
189.66059,1.1393833
189.6722,1.1911745
189.68381,2.5658567
189.69542,5.2715697
189.70703,7.8328845
189.71864,8.0811898
189.73025,7.5817315
189.74186,7.1689594
189.75347,6.6919212
189.76508,6.4028688
189.77669,6.3399389
189.7883,5.8219498
189.79991,5.7505854
189.81152,5.6730653
189.82313,5.2693019
189.83474,5.0501481
189.84635,4.6573457
189.85796,4.4785934
189.86957,3.8748624
189.88118,5.8118868
189.89279,6.6689685
189.9044,5.8313816
189.91601,5.0002495
189.92762,3.6885839
189.93923,3.0012736
189.95084,3.3094107
189.96245,4.0522961
189.97406,4.0352089
189.98567,3.6211548
189.99728,3.0659424
190.00889,3.1361921
190.0205,3.269086
190.03211,3.4761035
190.04372,3.2719987
190.05533,3.0218091
190.06694,3.1454123
190.07855,2.889174
190.09016,3.0859817
190.10177,2.8933105
190.11338,2.8841771
190.12499,2.7089573
190.1366,2.4582611
190.14821,2.3693763
190.15982,2.3871671
190.17143,2.4228797
190.18304,2.4125914
190.19465,2.2816621
190.20626,2.1684975
190.21787,2.0103928
190.22948,1.6518257
190.24109,1.3964228
190.2527,1.5696787
190.26431,1.792307
190.27592,1.7629566
190.28753,1.4598233
190.29914,1.3862938
190.31075,1.7023623
190.32236,1.8176411
190.33397,1.6192813
190.34558,1.3759736
190.35719,1.3660306
190.3688,1.4064382
190.38041,1.5241264
190.39202,1.4909536
190.40363,1.2969964
190.41524,1.2886008
190.42685,1.5606313
190.43846,1.6393477
190.45007,1.1982899
190.46168,0.99062327
190.47329,1.4371853
190.4849,1.4289528
190.49651,1.1882391
190.50812,1.2793241
190.51973,1.2941035
190.53134,1.1297004
190.54295,1.3355676
190.55456,1.3941695
190.56617,1.3272778
190.57778,1.2124174
190.58939,1.3256531
190.601,1.5119372
190.61261,2.6575742
190.62422,2.5626985
190.63583,1.4998757
190.64744,1.9571303
190.65905,1.9247884
190.67066,1.7363401
190.68227,1.5766853
190.69388,1.74073
190.70549,2.1276846
190.7171,1.7449128
190.72871,1.6381765
190.74032,1.7931058
190.75193,1.9574332
190.76354,1.6868983
190.77515,1.5177794
190.78676,1.9112458
190.79837,1.5374972
190.80998,1.7086048
190.82159,2.0534088
190.8332,1.8429876
190.84481,1.5569053
190.85642,1.8350577
190.86803,2.1568597
190.87964,1.6910844
190.89125,1.2596584
190.90286,1.9054711
190.91447,1.8216417
190.92608,1.589425
190.93769,1.6384257
190.9493,1.9481494
190.96091,1.5287266
190.97252,1.4860191
190.98413,1.7501896
190.99574,1.6517142
191.00735,1.1272047
191.01896,1.290806
191.03057,1.6995818
191.04218,1.6345532
191.05379,1.2854301
191.0654,1.1747323
191.07701,1.4215655
191.08862,1.3690236
191.10023,1.3044212
191.11184,1.45776
191.12345,1.3700259
191.13506,1.0991596
191.14667,2.3431603
191.15828,2.2613516
191.16989,2.7573484
191.1815,2.7346286
191.19311,2.7046242
191.20472,2.381982
191.21633,2.2626126
191.22794,2.7094448
191.23955,2.1776931
191.25116,2.3130705
191.26277,2.3588674
191.27438,2.3647755
191.28599,2.2733825
191.2976,2.4614818
191.30921,2.2052829
191.32082,1.9553209
191.33243,2.1056499
191.34404,2.4449229
191.35565,1.9472329
191.36726,1.7584018
191.37887,1.9369283
191.39048,1.9447186
191.40209,2.0010388
191.4137,2.0181861
191.42531,1.8287749
191.43692,1.6806986
191.44853,1.9562525
191.46014,2.3178393
191.47175,1.9072241
191.48336,1.5960576
191.49497,1.9073385
191.50658,2.0636456
191.51819,1.7040264
191.5298,1.617403
191.54141,1.8504256
191.55302,1.8322423
191.56463,1.5677981
191.57624,1.5868158
191.58785,1.9413552
191.59946,1.397284
191.61107,1.4346692
191.62268,1.9089906
191.63429,2.0028534
191.6459,1.4875515
191.65751,1.34274
191.66912,1.9210423
191.68073,1.6851232
191.69234,1.5032799
191.70395,1.5581692
191.71556,1.6904166
191.72717,1.5872772
191.73878,1.5989282
191.75039,1.6883592
191.762,1.4673962
191.77361,1.1443955
191.78522,1.604701
191.79683,1.8687133
191.80844,1.5008434
191.82005,3.9775927
191.83166,3.750426
191.84327,3.3286388
191.85488,3.8719155
191.86649,4.2081945
191.8781,4.5569525
191.88971,4.9475333
191.90132,3.7747315
191.91293,4.1408787
191.92454,3.3339749
191.93615,3.9545388
191.94776,3.6231511
191.95937,4.0116946
191.97098,3.3245652
191.98259,3.5411431
191.9942,2.7725769
192.0058,2.9611321
192.01741,2.4988118
192.02902,2.7761812
192.04063,2.2834119
192.05224,2.2517991
192.06385,2.0318594
192.07546,2.1367004
192.08707,2.1188489
192.09868,2.2613287
192.11029,2.2513106
192.1219,2.3362338
192.13351,2.1570727
192.14512,2.4967129
192.15673,2.3362012
192.16834,2.611879
192.17995,2.3575916
192.19156,2.3880138
192.20317,2.1402551
192.21478,2.2918754
192.22639,2.1641142
192.238,2.3252893
192.24961,2.2184211
192.26122,2.1588244
192.27283,2.1296982
192.28444,2.1982081
192.29605,2.2304996
192.30766,2.1256212
192.31927,2.0565093
192.33088,2.1050909
192.34249,2.0419561
192.3541,1.983093
192.36571,2.0238727
192.37732,1.8442939
192.38893,1.987635
192.40054,1.8313268
192.41215,2.0124205
192.42376,1.8305221
192.43537,1.938617
192.44698,1.7609433
192.45859,1.9447473
192.4702,1.620878
192.48181,1.8391843
192.49342,1.5632478
192.50503,1.7991949
192.51664,1.5133859
192.52825,1.694756
192.53986,1.4973236
192.55147,1.6764965
192.56308,1.4610713
192.57469,1.7760012
192.5863,1.5315519
192.59791,1.7071797
192.60952,1.4648593
192.62113,2.0191225
192.63274,4.4291769
192.64435,6.1845349
192.65596,4.9602455
192.66757,4.3136117
192.67918,4.6666365
192.69079,4.4420342
192.7024,3.682337
192.71401,3.9690129
192.72562,3.63751
192.73723,3.8185757
192.74884,3.8238543
192.76045,3.7795281
192.77206,4.0282903
192.78367,3.7651681
192.79528,3.711138
192.80689,3.2946325
192.8185,3.3757316
192.83011,3.2855174
192.84172,3.4688705
192.85333,3.4181844
192.86494,3.0829268
192.87655,2.7692006
192.88816,2.8118655
192.89977,2.8506215
192.91138,2.8056652
192.92299,2.687429
192.9346,2.5489665
192.94621,2.4525909
192.95782,2.657556
192.96943,2.8641915
192.98104,2.5658012
192.99265,2.3791983
193.00426,2.5053422
193.01587,2.3042258
193.02748,2.0829806
193.03909,1.9708839
193.0507,1.8321798
193.06231,1.7574667
193.07392,1.9138668
193.08553,2.1020024
193.09714,2.1231706
193.10875,1.9233221
193.12036,1.9503599
193.13197,1.6565871
193.14358,1.8711358
193.15519,2.0651158
193.1668,1.9135192
193.17841,1.6567479
193.19002,1.5027793
193.20163,1.5564677
193.21324,1.7118375
193.22485,1.7945591
193.23646,1.6784937
193.24807,1.4537504
193.25968,1.4501978
193.27129,1.523992
193.2829,1.6000288
193.29451,1.6542087
193.30612,1.5775133
193.31773,1.5090825
193.32934,1.2963822
193.34095,1.3232584
193.35256,1.4226405
193.36417,1.3039838
193.37578,1.4746962
193.38739,1.3715261
193.399,1.2622192
193.41061,2.1711793
193.42222,2.3206997
193.43383,4.3222901
193.44544,4.8581205
193.45705,4.4102448
193.46866,4.5488606
193.48027,4.6231868
193.49188,3.9015333
193.50349,3.9882507
193.5151,4.1931404
193.52671,3.7887468
193.53832,3.7253324
193.54993,4.0283134
193.56154,3.8061504
193.57315,3.4459818
193.58476,3.8547066
193.59637,3.681023
193.60798,3.1139368
193.61959,3.6243569
193.6312,3.6073073
193.64281,3.1720957
193.65442,3.3127415
193.66603,3.517958
193.67764,2.9716445
193.68925,3.0628586
193.70086,3.2833015
193.71247,2.8388205
193.72408,2.6240409
193.73569,3.0585971
193.7473,2.7742724
193.75891,2.3684727
193.77052,2.7545386
193.78213,2.5983589
193.79374,2.0543316
193.80535,2.4600358
193.81696,2.543093
193.82857,2.0138022
193.84018,2.1412526
193.85179,2.3964978
193.8634,1.9607433
193.87501,1.7425665
193.88662,2.1743598
193.89823,1.8357824
193.90984,1.3750406
193.92145,2.0334476
193.93306,1.8592621
193.94467,1.3303712
193.95628,1.9318609
193.96789,2.0268845
193.9795,1.5367837
193.99111,1.8634752
194.00272,3.4460119
194.01433,6.8104768
194.02594,6.8653552
194.03755,6.2879118
194.04916,6.431037
194.06077,6.2363101
194.07238,6.0885511
194.08399,5.3635696
194.0956,5.0400525
194.10721,4.7369047
194.11882,4.5224523
194.13043,4.3199939
194.14204,4.0483582
194.15365,3.81928
194.16526,3.9930593
194.17687,3.7544265
194.18848,3.9691681
194.20009,3.5778445
194.2117,3.7888642
194.22331,3.5486128
194.23492,3.5188778
194.24653,3.5425298
194.25814,3.4760146
194.26975,3.4903101
194.28136,3.2050429
194.29297,3.5143563
194.30458,3.2281156
194.31619,3.2092527
194.3278,3.128218
194.33941,3.0328421
194.35102,2.9782327
194.36263,3.0244454
194.37424,2.9509928
194.38585,2.8052718
194.39746,2.7254746
194.40907,2.7041656
194.42068,2.48864
194.43229,2.5747906
194.4439,2.2850121
194.45551,2.4669189
194.46712,2.1362081
194.47873,2.3564761
194.49034,1.8495414
194.50195,2.1174804
194.51356,1.8260515
194.52517,1.9481284
194.53678,1.8138782
194.54839,1.8491604
194.56,4.0040057
194.57161,8.2974837
194.58322,10.137499
194.59483,9.5338453
194.60644,9.0748969
194.61805,8.7084732
194.62966,7.9809202
194.64127,7.478689
194.65288,7.4583074
194.66449,6.8007393
194.6761,6.2937386
194.68771,6.3775799
194.69932,6.2330425
194.71093,5.7176786
194.72254,5.1674745
194.73415,5.2555588
194.74576,5.4296887
194.75737,5.4293191
194.76898,4.6801286
194.78059,4.3620631
194.7922,4.2436334
194.80381,4.1132636
194.81542,4.2833034
194.82703,3.8916966
194.83864,3.7888982
194.85025,3.8196561
194.86186,3.4881777
194.87347,3.375037
194.88508,3.1886388
194.89669,3.2042924
194.9083,3.272069
194.91991,3.2019447
194.93152,2.7349113
194.94313,2.3372075
194.95474,2.2046034
194.96635,2.0579391
194.97796,2.0126519
194.98957,2.262903
195.00118,2.4097063
195.01279,2.0355825
195.0244,1.9437813
195.03601,1.7281598
195.04762,1.9872664
195.05923,1.98795
195.07084,1.8342514
195.08245,1.8539455
195.09406,1.8168635
195.10567,1.7173269
195.11728,1.685544
195.12889,1.6180403
195.1405,1.8455899
195.15211,1.6928761
195.16372,1.4298889
195.17533,1.6079209
195.18694,1.6325348
195.19855,1.3986598
195.21016,1.3320765
195.22177,1.6220256
195.23338,1.6777906
195.24499,1.5245435
195.2566,1.6258566
195.26821,1.821355
195.27982,1.6904678
195.29143,2.2490109
195.30304,2.7668311
195.31465,2.3747786
195.32626,2.2837983
195.33787,2.4329012
195.34948,1.654786
195.36109,1.8838237
195.3727,2.2046093
195.38431,1.9750566
195.39592,2.1364562
195.40753,1.8867798
195.41914,1.8097195
195.43075,2.2274331
195.44236,1.9554902
195.45397,1.8663807
195.46558,2.2201302
195.47719,1.8694284
195.4888,1.7622371
195.50041,2.0827849
195.51202,1.7323319
195.52363,1.5765026
195.53524,1.9200408
195.54685,1.8548464
195.55846,1.9643948
195.57007,1.7602732
195.58168,1.452437
195.59329,1.7866405
195.6049,1.6748152
195.61651,1.6145672
195.62812,1.9264944
195.63973,1.6642904
195.65134,1.5468117
195.66295,1.7476052
195.67456,1.4451455
195.68617,1.5868039
195.69778,1.737373
195.70939,1.6227485
195.721,1.7641502
195.73261,1.5740223
195.74422,1.2837431
195.75583,1.4742192
195.76744,1.4868274
195.77905,1.6310098
195.79066,1.7177524
195.80227,1.5146534
195.81388,1.2870288
195.82549,1.2861902
195.8371,1.30907
195.84871,1.4484575
195.86032,1.5068122
195.87193,1.5243866
195.88354,1.424001
195.89515,1.3549898
195.90676,1.1432783
195.91837,1.2342616
195.92998,1.4046437
195.94159,1.4917002
195.9532,1.4161206
195.96481,1.3690238
195.97642,1.438747
195.98803,1.6889631
195.99964,2.6027588
196.01125,2.2889785
196.02286,2.3703273
196.03447,2.4711991
196.04608,2.0801619
196.05769,2.5466687
196.0693,1.8793382
196.08091,2.4018493
196.09252,1.9929329
196.10413,2.2381819
196.11574,2.0342129
196.12735,2.9377259
196.13896,3.4153205
196.15057,3.4825024
196.16218,3.4217324
196.17379,3.2309061
196.1854,2.956023
196.19701,3.0660332
196.20862,2.6525592
196.22023,3.0594147
196.23184,2.7226147
196.24345,2.7760236
196.25506,2.4672769
196.26667,2.4638607
196.27828,2.5731871
196.28989,2.2547062
196.3015,2.2384047
196.31311,5.7196784
196.32472,7.8918767
196.33633,7.5036203
196.34794,7.1481456
196.35955,6.8607786
196.37116,6.9935682
196.38277,6.9693352
196.39438,6.7705729
196.40599,6.8372158
196.4176,6.52978
196.42921,6.528359
196.44082,6.5594113
196.45243,6.4364915
196.46404,6.049157
196.47565,5.9387094
196.48726,5.7727027
196.49887,5.522002
196.51048,5.3420813
196.52209,5.1906499
196.5337,5.0108733
196.54531,5.0353619
196.55692,4.6939068
196.56853,4.6063827
196.58014,4.4550527
196.59175,4.3638949
196.60336,4.1443925
196.61497,4.0031954
196.62658,3.8758819
196.63819,3.800614
196.6498,3.7108649
196.66141,3.5498052
196.67302,3.3320666
196.68463,3.3769018
196.69624,3.2401354
196.70785,2.7977018
196.71946,2.7632
196.73107,2.4478201
196.74268,2.5961304
196.75429,2.5026832
196.7659,2.5670276
196.77751,2.3070308
196.78912,2.3381758
196.80073,2.1238129
196.81234,2.1649433
196.82395,1.8728765
196.83556,1.7219412
196.84717,1.8295925
196.85878,1.5346968
196.87039,1.7198025
196.882,1.3979453
196.89361,1.4637551
196.90522,1.6238278
196.91683,1.3255774
196.92844,1.6037111
196.94005,1.1973901
196.95166,1.3992633
196.96327,1.4174912
196.97488,1.3595334
196.98649,1.7040493
196.9981,1.2486729
197.00971,1.5310175
197.02132,1.6821704
197.03293,1.7415463
197.04454,1.8659309
197.05615,1.865664
197.06776,1.8436812
197.07937,1.873551
197.09098,1.8720863
197.10259,1.7705794
197.1142,1.7837846
197.1258,1.6855357
197.13741,1.7481163
197.14902,1.7145324
197.16063,1.8721888
197.17224,1.8062398
197.18385,2.0327177
197.19546,2.0103329
197.20707,2.1320652
197.21868,2.850195
197.23029,3.1546731
197.2419,3.4249129
197.25351,3.6503104
197.26512,2.4980217
197.27673,3.3472076
197.28834,2.4466807
197.29995,2.8885024
197.31156,2.4411785
197.32317,2.9040409
197.33478,2.8854746
197.34639,2.4815978
197.358,2.872071
197.36961,2.1686487
197.38122,2.8753836
197.39283,2.5834422
197.40444,2.2675906
197.41605,2.5960543
197.42766,2.0186372
197.43927,2.6905096
197.45088,2.1029814
197.46249,2.4245492
197.4741,2.3558399
197.48571,2.6895841
197.49732,2.6495512
197.50893,2.1857178
197.52054,2.4317911
197.53215,2.0994364
197.54376,1.9700848
197.55537,2.4920727
197.56698,1.656964
197.57859,2.4742834
197.5902,1.9833703
197.60181,2.183195
197.61342,2.2925966
197.62503,2.1070302
197.63664,2.2082921
197.64825,2.0778891
197.65986,2.0484803
197.67147,2.0667178
197.68308,2.001273
197.69469,2.1427467
197.7063,3.0458817
197.71791,3.351588
197.72952,2.5429486
197.74113,3.7748704
197.75274,2.5091935
197.76435,3.4938261
197.77596,3.3425756
197.78757,3.0192003
197.79918,3.402878
197.81079,2.9354091
197.8224,3.7300629
197.83401,3.0119585
197.84562,3.3406921
197.85723,3.146834
197.86884,3.4338725
197.88045,3.353114
197.89206,2.585646
197.90367,3.4801727
197.91528,3.0328426
197.92689,6.0755604
197.9385,5.5929808
197.95011,6.0908061
197.96172,6.532946
197.97333,6.8971271
197.98494,5.4428637
197.99655,5.8785613
198.00816,6.1775176
198.01977,4.3501038
198.03138,5.2243311
198.04299,4.9266577
198.0546,2.8016731
198.06621,4.7438665
198.07782,4.1385103
198.08943,2.6049424
198.10104,5.2702485
198.11265,4.8423769
198.12426,3.4252129
198.13587,4.054788
198.14748,3.238702
198.15909,3.6197758
198.1707,3.6974512
198.18231,3.1534149
198.19392,3.9239671
198.20553,4.276628
198.21714,2.9869408
198.22875,3.5015947
198.24036,4.0774535
198.25197,2.5959923
198.26358,2.7450145
198.27519,3.2280732
198.2868,2.3342591
198.29841,3.1911243
198.31002,3.4156592
198.32163,1.9553732
198.33324,3.599179
198.34485,3.4388664
198.35646,2.1609985
198.36807,3.4860395
198.37968,3.3039505
198.39129,2.0151533
198.4029,3.1187748
198.41451,2.9263127
198.42612,2.183705
198.43773,3.0495746
198.44934,2.2435999
198.46095,2.552706
198.47256,3.2686405
198.48417,1.9636618
198.49578,2.5162372
198.50739,3.0954062
198.519,1.7174227
198.53061,2.5481468
198.54222,2.8809849
198.55383,1.5244208
198.56544,3.3345928
198.57705,2.3870629
198.58866,2.6028954
198.60027,3.4319043
198.61188,3.8545244
198.62349,2.1060763
198.6351,3.4954774
198.64671,2.564959
198.65832,2.7708639
198.66993,3.2792894
198.68154,2.7874751
198.69315,3.456374
198.70476,2.0511002
198.71637,3.5198943
198.72798,2.6682504
198.73959,2.9239923
198.7512,3.2178223
198.76281,2.0579429
198.77442,3.2385909
198.78603,1.9244694
198.79764,3.0768764
198.80925,2.3333372
198.82086,2.5771735
198.83247,2.7976945
198.84408,2.025589
198.85569,2.9589921
198.8673,2.0301623
198.87891,2.535421
198.89052,2.298468
198.90213,2.1089022
198.91374,2.5060292
198.92535,1.8959249
198.93696,2.3746985
198.94857,2.193579
198.96018,1.9414002
198.97179,2.1766613
198.9834,2.0335857
198.99501,2.0073732
199.00662,2.2310079
199.01823,1.6507834
199.02984,2.320066
199.04145,1.4202955
199.05306,2.2071711
199.06467,1.5465625
199.07628,2.089563
199.08789,1.7640378
199.0995,1.8847663
199.11111,1.9650837
199.12272,1.6624798
199.13433,1.9457086
199.14594,1.3614844
199.15755,1.982526
199.16916,1.4353819
199.18077,1.7677939
199.19238,1.6976012
199.20399,2.9344213
199.2156,2.9340193
199.22721,3.1457275
199.23882,2.9450048
199.25043,3.062005
199.26204,2.7764806
199.27365,2.8330713
199.28526,2.6585805
199.29687,2.8527994
199.30848,2.4682344
199.32009,2.7476359
199.3317,2.8376854
199.34331,2.8721957
199.35492,3.1924477
199.36653,2.8605711
199.37814,3.181471
199.38975,2.634169
199.40136,2.7480539
199.41297,2.6146625
199.42458,2.3896646
199.43619,2.6238884
199.4478,2.2199353
199.45941,2.6906691
199.47102,2.1827175
199.48263,2.4947812
199.49424,2.2268272
199.50585,2.3578696
199.51746,2.615202
199.52907,7.6500372
199.54068,9.9039871
199.55229,9.1818928
199.5639,8.8409462
199.57551,8.5230221
199.58712,8.5314476
199.59873,8.3525853
199.61034,8.0209171
199.62195,7.9143083
199.63356,7.3831027
199.64517,7.4619066
199.65678,7.4864962
199.66839,7.3770687
199.68,7.1645568
199.69161,6.9231944
199.70322,6.7503248
199.71483,6.5236781
199.72644,6.2451508
199.73805,5.9304102
199.74966,5.7893736
199.76127,5.6000596
199.77288,5.3134143
199.78449,5.1887289
199.7961,5.0019237
199.80771,4.9212972
199.81932,4.629133
199.83093,4.3606377
199.84254,4.2491064
199.85415,3.9727369
199.86576,3.8298036
199.87737,3.661837
199.88898,3.3405586
199.90059,3.3051035
199.9122,3.4071501
199.92381,3.352729
199.93542,3.1796933
199.94703,2.9790367
199.95864,2.6065971
199.97025,2.3463502
199.98186,1.9809454
199.99347,1.4632746
200.00508,1.34286
200.01669,1.3338435
200.0283,1.3082958
200.03991,1.4100807
200.05152,1.4590405
200.06313,4.5183616
200.07474,7.4494961
200.08635,7.5571281
200.09796,7.0483203
200.10957,6.5778427
200.12118,7.0931814
200.13279,6.5926925
200.1444,6.3051253
200.15601,6.5834463
200.16762,5.9536259
200.17923,6.0267469
200.19084,6.3548954
200.20245,5.6975762
200.21406,5.6310925
200.22567,5.5643014
200.23728,5.0042662
200.24889,5.1195747
200.2605,4.9053131
200.27211,4.4751219
200.28372,4.5693522
200.29533,4.5491624
200.30694,4.1034978
200.31855,4.3342939
200.33016,4.1745286
200.34177,3.8170995
200.35338,3.9479165
200.36499,3.6920465
200.3766,3.2960258
200.38821,3.4478211
200.39982,3.3644686
200.41143,2.9282725
200.42304,2.9772967
200.43465,2.8165305
200.44626,2.3343668
200.45787,2.505784
200.46948,2.4899648
200.48109,1.9705995
200.4927,2.0815602
200.50431,2.0075159
200.51592,1.4420692
200.52753,1.7011805
200.53914,1.5489523
200.55075,1.5367974
200.56236,1.6892355
200.57397,1.5072625
200.58558,1.677052
200.59719,1.7497739
200.6088,1.9592662
200.62041,5.0982551
200.63202,7.5238865
200.64363,6.8667293
200.65524,7.2937065
200.66685,8.0493818
200.67846,7.0678583
200.69007,6.3933386
200.70168,7.3387205
200.71329,6.2702916
200.7249,5.3834007
200.73651,6.166977
200.74812,4.5799757
200.75973,4.387587
200.77134,5.320654
200.78295,3.929397
200.79456,4.4975561
200.80617,5.390012
200.81778,3.4162432
200.82939,4.6682884
200.841,4.7775778
200.85261,2.1952869
200.86422,4.628098
200.87583,3.9164142
200.88744,4.7563841
200.89905,11.119663
200.91066,11.485406
200.92227,10.037362
200.93388,11.206811
200.94549,10.311731
200.9571,9.7647442
200.96871,10.858457
200.98032,9.7389736
200.99193,9.0829921
201.00354,10.064323
201.01515,9.411405
201.02676,8.7895726
201.03837,9.7358665
201.04998,8.5426943
201.06159,8.203289
201.0732,9.1743623
201.08481,7.7654424
201.09642,8.1363779
201.10803,6.7813557
201.11964,6.9746446
201.13125,8.0811116
201.14286,7.7389397
201.15447,7.4217563
201.16608,6.6843406
201.17769,7.4179635
201.1893,7.0939928
201.20091,5.9069281
201.21252,7.1997523
201.22413,5.8616889
201.23574,5.8852413
201.24735,6.5246954
201.25896,4.6051441
201.27057,5.7675213
201.28218,5.9121015
201.29379,6.6667996
201.3054,11.394276
201.31701,13.379546
201.32862,11.43438
201.34023,11.487699
201.35184,11.984557
201.36345,10.492881
201.37506,11.122116
201.38667,11.309412
201.39828,9.727695
201.40989,10.644948
201.4215,10.585418
201.43311,9.3164735
201.44472,10.386624
201.45633,10.286971
201.46794,12.715987
201.47955,8.8853432
201.49116,8.7559913
201.50277,12.624131
201.51438,7.5912863
201.52599,8.7781059
201.5376,11.342233
201.54921,5.8391742
201.56082,7.8839699
201.57243,9.4313189
201.58404,4.8801353
201.59565,6.6118492
201.60726,7.7513933
201.61887,3.7630708
201.63048,6.844515
201.64209,7.5084475
201.6537,3.1179542
201.66531,7.1496126
201.67692,6.4423951
201.68853,3.1503471
201.70014,6.8043088
201.71175,5.8948455
201.72336,5.1093143
201.73497,7.3257433
201.74658,5.9817152
201.75819,4.7580792
201.7698,5.4285734
201.78141,4.6938535
201.79302,4.5970668
201.80463,4.4305335
201.81624,4.3735348
201.82785,4.2320384
201.83946,3.7947524
201.85107,3.9829693
201.86268,4.1335678
201.87429,3.8672146
201.8859,4.009637
201.89751,3.9136405
201.90912,3.1959556
201.92073,3.8661207
201.93234,2.939869
201.94395,3.0206652
201.95556,3.3106087
201.96717,2.5696568
201.97878,2.7027526
201.99039,2.3310764
202.002,2.5973569
202.01361,2.4945812
202.02522,2.2009144
202.03683,2.6264907
202.04844,2.4131651
202.06005,2.3454159
202.07166,2.6201425
202.08327,2.1805014
202.09488,2.3955933
202.10649,2.4811662
202.1181,2.5135732
202.12971,5.0545776
202.14132,8.3960142
202.15293,11.020825
202.16454,10.428107
202.17615,9.98489
202.18776,10.211988
202.19937,9.8512123
202.21098,9.0993836
202.22259,8.6808831
202.2342,7.8700994
202.2458,7.7447668
202.25741,7.2849395
202.26902,7.2003914
202.28063,7.4716971
202.29224,6.566771
202.30385,6.2956124
202.31546,6.580361
202.32707,5.7009893
202.33868,6.1522332
202.35029,6.2628299
202.3619,5.6994412
202.37351,5.0990248
202.38512,5.5723075
202.39673,5.318903
202.40834,4.5439546
202.41995,4.7767095
202.43156,5.7506638
202.44317,4.9297556
202.45478,4.711005
202.46639,4.4515848
202.478,3.8727612
202.48961,4.537301
202.50122,5.0169089
202.51283,6.2619896
202.52444,8.8161106
202.53605,8.1030653
202.54766,7.0711884
202.55927,7.0025228
202.57088,7.3616705
202.58249,7.2668582
202.5941,6.6752493
202.60571,6.4960646
202.61732,5.9288075
202.62893,4.7955604
202.64054,4.9797481
202.65215,4.7437337
202.66376,4.2556566
202.67537,4.930378
202.68698,4.6802462
202.69859,4.5138603
202.7102,4.378454
202.72181,3.9683675
202.73342,4.3108203
202.74503,3.5054787
202.75664,3.5545544
202.76825,3.7769773
202.77986,3.4669231
202.79147,3.4093975
202.80308,2.9122324
202.81469,3.2444021
202.8263,3.4367259
202.83791,2.5418884
202.84952,3.3054232
202.86113,3.29911
202.87274,3.1014935
202.88435,3.2464157
202.89596,2.7214199
202.90757,3.0801491
202.91918,3.1077402
202.93079,2.8771003
202.9424,3.1764408
202.95401,2.900477
202.96562,3.0304821
202.97723,2.6789486
202.98884,2.4147916
203.00045,2.8000441
203.01206,2.5162811
203.02367,2.4698624
203.03528,2.1816373
203.04689,2.2051352
203.0585,2.591196
203.07011,2.1280851
203.08172,3.0032563
203.09333,3.4555113
203.10494,2.9823857
203.11655,2.6794944
203.12816,3.2211778
203.13977,2.9325347
203.15138,2.9303088
203.16299,3.0372766
203.1746,3.0379508
203.18621,3.2323794
203.19782,3.1823825
203.20943,3.2757802
203.22104,3.2666759
203.23265,3.0750974
203.24426,2.9630802
203.25587,2.732409
203.26748,2.6966781
203.27909,2.7219452
203.2907,2.3037625
203.30231,2.6945515
203.31392,2.3575337
203.32553,2.4839481
203.33714,2.6589952
203.34875,2.1715941
203.36036,2.5228709
203.37197,2.3505934
203.38358,2.259439
203.39519,2.5232317
203.4068,2.2916547
203.41841,2.2290356
203.43002,2.2212615
203.44163,1.9734774
203.45324,1.9412321
203.46485,1.7839769
203.47646,1.728961
203.48807,1.8663139
203.49968,1.7488984
203.51129,1.745186
203.5229,1.9272812
203.53451,1.7868324
203.54612,2.0226229
203.55773,1.7433437
203.56934,2.0503393
203.58095,1.7552244
203.59256,1.9624572
203.60417,1.7053091
203.61578,1.8034338
203.62739,1.4908082
203.639,1.9214628
203.65061,1.6875023
203.66222,1.855526
203.67383,1.9889515
203.68544,1.7726151
203.69705,2.0453568
203.70866,1.9380305
203.72027,1.9367037
203.73188,2.1178502
203.74349,1.8572528
203.7551,2.065918
203.76671,1.9043424
203.77832,2.2211546
203.78993,7.3810496
203.80154,9.8830813
203.81315,9.1147029
203.82476,9.2538965
203.83637,8.4104963
203.84798,8.4978514
203.85959,8.8738484
203.8712,7.791357
203.88281,8.4974548
203.89442,8.1489494
203.90603,7.90471
203.91764,8.2053643
203.92925,8.0754401
203.94086,7.3673309
203.95247,7.5462499
203.96408,7.1466325
203.97569,6.7924789
203.9873,6.6973528
203.99891,6.4752458
204.01052,5.8507779
204.02213,6.2813692
204.03374,5.7631826
204.04535,5.6738282
204.05696,5.7834801
204.06857,5.6451278
204.08018,5.4459705
204.09179,7.6735563
204.1034,8.0507166
204.11501,4.7858821
204.12662,9.5435337
204.13823,8.7273641
204.14984,5.9354672
204.16145,8.4856498
204.17306,7.2357172
204.18467,5.7333995
204.19628,7.4615803
204.20789,5.6813709
204.2195,4.6312755
204.23111,6.2661073
204.24272,4.3798598
204.25433,4.1867448
204.26594,5.8392717
204.27755,4.3257429
204.28916,4.5542234
204.30077,7.106261
204.31238,7.5472791
204.32399,6.5263008
204.3356,7.2552228
204.34721,7.602908
204.35882,5.8194522
204.37043,6.9388229
204.38204,6.7140927
204.39365,4.1834786
204.40526,6.1206031
204.41687,4.9240353
204.42848,3.4017969
204.44009,5.3666565
204.4517,3.7554554
204.46331,3.2889012
204.47492,5.3334851
204.48653,2.5737223
204.49814,3.833785
204.50975,4.9487863
204.52136,3.2922176
204.53297,3.2341889
204.54458,4.5160733
204.55619,2.9237221
204.5678,3.1973498
204.57941,4.8581986
204.59102,3.2238752
204.60263,2.97006
204.61424,4.4490824
204.62585,3.8925041
204.63746,4.0853652
204.64907,4.1927997
204.66068,3.2020507
204.67229,4.2515709
204.6839,4.686559
204.69551,5.3110322
204.70712,8.3253966
204.71873,10.774672
204.73034,10.47608
204.74195,11.007297
204.75356,10.448592
204.76517,8.4144009
204.77678,8.8675109
204.78839,9.2932353
204.8,7.5352219
204.81161,7.152349
204.82322,6.7281735
204.83483,6.7298889
204.84644,5.8911051
204.85805,6.0851827
204.86966,5.7513402
204.88127,4.751914
204.89288,5.815789
204.90449,4.8408241
204.9161,4.1600348
204.92771,4.6358865
204.93932,4.0223425
204.95093,4.1922599
204.96254,3.7684069
204.97415,3.6972161
204.98576,3.80659
204.99737,3.5155256
205.00898,3.7078006
205.02059,3.5295557
205.0322,2.9574604
205.04381,2.9511294
205.05542,2.6168616
205.06703,2.4607101
205.07864,2.8066534
205.09025,2.2142744
205.10186,2.2493079
205.11347,2.1628578
205.12508,2.3553268
205.13669,3.5597821
205.1483,5.9864378
205.15991,3.9970505
205.17152,4.2790481
205.18313,4.4907485
205.19474,3.9793669
205.20635,4.0320956
205.21796,4.287421
205.22957,3.8911478
205.24118,3.4083316
205.25279,2.9918226
205.2644,2.6015249
205.27601,2.6887219
205.28762,2.8118535
205.29923,2.1893279
205.31084,1.7473307
205.32245,2.0971861
205.33406,2.2657285
205.34567,2.1964482
205.35728,1.9694203
205.36889,2.0934544
205.3805,1.9342644
205.39211,1.6499622
205.40372,1.9046666
205.41533,1.9801398
205.42694,7.6048439
205.43855,5.9869244
205.45016,3.9808192
205.46177,4.646288
205.47338,4.8508453
205.48499,4.4475834
205.4966,4.0124782
205.50821,4.1367411
205.51982,4.2235243
205.53143,3.3163707
205.54304,3.6873112
205.55465,3.3020849
205.56626,2.6000804
205.57787,3.3318748
205.58948,2.9028176
205.60109,1.6309849
205.6127,2.6260086
205.62431,2.4242825
205.63592,1.7380341
205.64753,1.8696255
205.65914,2.4329687
205.67075,4.0167153
205.68236,5.6107478
205.69397,5.1749241
205.70558,5.896857
205.71719,6.3406248
205.7288,5.6051918
205.74041,5.2247912
205.75202,4.9810103
205.76363,5.421676
205.77524,4.7776626
205.78685,3.8830421
205.79846,3.6681913
205.81007,3.9230789
205.82168,3.8935733
205.83329,3.3333255
205.8449,3.2196007
205.85651,3.7157285
205.86812,3.9352228
205.87973,3.0334755
205.89134,2.6459962
205.90295,3.2981336
205.91456,2.9771122
205.92617,4.0686212
205.93778,7.780528
205.94939,8.2695554
205.961,6.714441
205.97261,7.1561646
205.98422,7.308953
205.99583,6.4346178
206.00744,7.3023951
206.01905,7.2175928
206.03066,6.0202041
206.04227,6.890622
206.05388,6.9340771
206.06549,5.7046602
206.0771,6.3409922
206.08871,5.7288164
206.10032,5.1065914
206.11193,6.0661843
206.12354,5.2411114
206.13515,6.0680387
206.14676,5.9285279
206.15837,6.1501389
206.16998,5.6941636
206.18159,5.4389089
206.1932,5.003162
206.20481,4.6011921
206.21642,4.3696736
206.22803,4.0550093
206.23964,4.3522966
206.25125,3.8573873
206.26286,3.5204369
206.27447,4.2175568
206.28608,3.20166
206.29769,3.1894751
206.3093,3.4910154
206.32091,2.4371791
206.33252,2.6725045
206.34413,3.4361572
206.35574,2.0619789
206.36735,2.382923
206.37896,3.0535923
206.39057,2.1941252
206.40218,3.5723
206.41379,4.900557
206.4254,4.9124359
206.43701,4.3670322
206.44862,4.0911683
206.46023,3.9948057
206.47184,3.5626172
206.48345,3.4462162
206.49506,2.8324556
206.50667,3.6972963
206.51828,3.8890116
206.52989,4.3679399
206.5415,3.9270761
206.55311,3.9047518
206.56472,3.1984463
206.57633,3.4854384
206.58794,3.4275552
206.59955,3.6610848
206.61116,3.4060854
206.62277,3.0065469
206.63438,5.0375783
206.64599,3.022732
206.6576,3.3690117
206.66921,3.9554406
206.68082,2.4406506
206.69243,3.4438453
206.70404,3.3220321
206.71565,2.3534279
206.72726,3.1358155
206.73887,2.9131256
206.75048,2.8524465
206.76209,2.7120945
206.7737,2.9105587
206.78531,2.6837703
206.79692,2.6720149
206.80853,2.9116356
206.82014,2.7302891
206.83175,2.2172821
206.84336,2.9616417
206.85497,2.6559496
206.86658,3.5709228
206.87819,4.6943358
206.8898,4.526905
206.90141,4.7953904
206.91302,4.4944886
206.92463,4.9405058
206.93624,4.853585
206.94785,4.1125948
206.95946,3.973331
206.97107,3.2883312
206.98268,4.578358
206.99429,3.6889663
207.0059,3.6898108
207.01751,2.9781278
207.02912,2.4581796
207.04073,3.96558
207.05234,2.8946184
207.06395,3.4767503
207.07556,2.8516836
207.08717,3.0738476
207.09878,3.077534
207.11039,3.5897954
207.122,2.8385652
207.13361,2.5657381
207.14522,2.7406234
207.15683,2.3639812
207.16844,3.2227628
207.18005,2.6791603
207.19166,2.276793
207.20327,3.094408
207.21488,2.5301845
207.22649,3.5908315
207.2381,2.3368681
207.24971,3.0428074
207.26132,2.0088633
207.27293,2.666998
207.28454,2.861452
207.29615,5.3501421
207.30776,6.051158
207.31937,5.8209451
207.33098,5.8631199
207.34259,5.3234916
207.3542,4.8741103
207.3658,4.5047625
207.37741,4.1375779
207.38902,4.3467215
207.40063,4.3703743
207.41224,4.4063403
207.42385,4.2886409
207.43546,4.2002674
207.44707,4.1240141
207.45868,3.7541232
207.47029,3.8416529
207.4819,3.5740031
207.49351,3.6230119
207.50512,3.4840443
207.51673,3.0527449
207.52834,3.4185043
207.53995,3.1930506
207.55156,3.0198843
207.56317,2.9326385
207.57478,2.8900788
207.58639,2.908078
207.598,2.9456612
207.60961,2.8611486
207.62122,2.8327199
207.63283,2.7171175
207.64444,2.5234739
207.65605,2.2932597
207.66766,2.191189
207.67927,2.0804943
207.69088,2.0206375
207.70249,2.1273261
207.7141,1.897549
207.72571,1.8714062
207.73732,1.7335362
207.74893,1.6667183
207.76054,1.7468999
207.77215,1.5676287
207.78376,1.2772636
207.79537,1.4668032
207.80698,1.7114645
207.81859,1.3351497
207.8302,1.3546004
207.84181,1.548902
207.85342,1.485315
207.86503,1.3914959
207.87664,1.3909596
207.88825,1.4644077
207.89986,1.0310148
207.91147,1.2612909
207.92308,1.4472348
207.93469,1.2697276
207.9463,1.1940422
207.95791,1.2626841
207.96952,1.2576976
207.98113,1.0174303
207.99274,1.2903439
208.00435,1.3031506
208.01596,1.1866234
208.02757,1.2217471
208.03918,1.1504626
208.05079,1.137545
208.0624,0.98843159
208.07401,1.262963
208.08562,1.8590978
208.09723,2.3791874
208.10884,1.6744369
208.12045,1.8404387
208.13206,1.7296873
208.14367,1.5787951
208.15528,1.5275548
208.16689,1.760434
208.1785,1.7257461
208.19011,1.6664395
208.20172,1.82243
208.21333,1.8528248
208.22494,1.6130731
208.23655,1.7916453
208.24816,1.6945369
208.25977,1.6951016
208.27138,1.8603963
208.28299,1.9471397
208.2946,1.6958507
208.30621,1.6267298
208.31782,1.9330268
208.32943,1.9311679
208.34104,1.6595427
208.35265,1.6637141
208.36426,1.9303526
208.37587,1.8920717
208.38748,1.7364504
208.39909,1.8043959
208.4107,1.6867026
208.42231,1.6343254
208.43392,1.696132
208.44553,1.7456036
208.45714,1.71487
208.46875,1.5227227
208.48036,1.6910913
208.49197,1.8080959
208.50358,1.7606836
208.51519,1.5260581
208.5268,1.5967381
208.53841,1.7163909
208.55002,1.6705412
208.56163,1.5421216
208.57324,1.6338788
208.58485,1.5575607
208.59646,1.4731748
208.60807,1.6488358
208.61968,1.6907462
208.63129,1.4817537
208.6429,1.5153038
208.65451,2.144874
208.66612,2.0578163
208.67773,1.3477099
208.68934,2.0947105
208.70095,1.8956284
208.71256,1.9694123
208.72417,1.80161
208.73578,1.5134233
208.74739,1.3652608
208.759,1.5923122
208.77061,1.7843453
208.78222,1.7863055
208.79383,1.661156
208.80544,1.4414692
208.81705,1.1457314
208.82866,1.1295555
208.84027,1.413199
208.85188,1.7010297
208.86349,1.7850975
208.8751,1.6002772
208.88671,1.3523873
208.89832,1.1023799
208.90993,1.1452129
208.92154,1.3930937
208.93315,1.3741455
208.94476,1.4520209
208.95637,1.464714
208.96798,1.5391441
208.97959,1.2573166
208.9912,1.2197847
209.00281,1.3928474
209.01442,1.4282616
209.02603,1.412307
209.03764,1.3071242
209.04925,1.414833
209.06086,1.3252458
209.07247,1.1779913
209.08408,1.3415368
209.09569,1.53084
209.1073,1.2667635
209.11891,1.2530186
209.13052,1.5520872
209.14213,1.3754902
209.15374,1.1084276
209.16535,1.3784003
209.17696,1.4143616
209.18857,1.1864389
209.20018,1.2085063
209.21179,1.3961013
209.2234,1.2530682
209.23501,1.0891112
209.24662,1.2429271
209.25823,1.3917765
209.26984,1.2309079
209.28145,1.1884501
209.29306,1.3731428
209.30467,1.4027858
209.31628,1.1018311
209.32789,1.1294724
209.3395,1.3470994
209.35111,1.2985801
209.36272,1.1958565
209.37433,1.120357
209.38594,1.296843
209.39755,1.0789937
209.40916,1.8365707
209.42077,2.8880862
209.43238,2.748309
209.44399,1.6162814
209.4556,2.4894751
209.46721,1.7394008
209.47882,2.2090681
209.49043,1.8706023
209.50204,2.4486626
209.51365,2.0672115
209.52526,2.4862934
209.53687,2.1401779
209.54848,1.9056232
209.56009,1.9356783
209.5717,2.2443262
209.58331,2.1404055
209.59492,1.8317323
209.60653,1.9624075
209.61814,2.0277672
209.62975,2.0099986
209.64136,1.3318744
209.65297,1.8876027
209.66458,1.5883894
209.67619,1.6415767
209.6878,1.3567924
209.69941,1.4819934
209.71102,1.571219
209.72263,1.5112014
209.73424,1.7314607
209.74585,1.390162
209.75746,1.4529627
209.76907,1.4262461
209.78068,1.5745342
209.79229,1.2022575
209.8039,1.5649112
209.81551,1.4533053
209.82712,1.4451878
209.83873,1.0707721
209.85034,1.2144885
209.86195,1.2722297
209.87356,1.2961542
209.88517,1.1982134
209.89678,1.2994095
209.90839,1.3252192
209.92,1.1421845
209.93161,1.2456213
209.94322,0.84837916
209.95483,1.1911709
209.96644,0.80231368
209.97805,1.4149383
209.98966,1.0055958
210.00127,1.4482022
210.01288,3.1050424
210.02449,3.1182154
210.0361,3.0577341
210.04771,3.5795754
210.05932,3.6483189
210.07093,4.110525
210.08254,4.2280107
210.09415,3.6811274
210.10576,4.8168116
210.11737,6.8321707
210.12898,6.4330362
210.14059,5.1799419
210.1522,5.722381
210.16381,5.6196349
210.17542,4.1619025
210.18703,5.5343673
210.19864,4.341496
210.21025,4.6906528
210.22186,4.8405556
210.23347,4.6982489
210.24508,4.5193256
210.25669,3.7284839
210.2683,4.2598701
210.27991,4.6756565
210.29152,4.3939887
210.30313,3.9488519
210.31474,3.6214506
210.32635,3.4851321
210.33796,3.7401337
210.34957,3.6656897
210.36118,3.1836215
210.37279,3.1850266
210.3844,3.5931104
210.39601,3.3671711
210.40762,2.9072659
210.41923,3.2045516
210.43084,2.9986658
210.44245,2.6452283
210.45406,2.7700553
210.46567,2.7552817
210.47728,2.4703211
210.48889,2.6301851
210.5005,2.7793977
210.51211,2.5084716
210.52372,2.6271335
210.53533,2.6789847
210.54694,2.1817018
210.55855,2.1639399
210.57016,2.2916804
210.58177,2.0806176
210.59338,1.847499
210.60499,2.032053
210.6166,1.9924562
210.62821,1.7470717
210.63982,2.006594
210.65143,1.9506129
210.66304,1.715863
210.67465,1.7094659
210.68626,1.6748537
210.69787,1.6553837
210.70948,1.4867046
210.72109,1.5630279
210.7327,1.4568902
210.74431,1.5803278
210.75592,1.6732087
210.76753,1.5836062
210.77914,1.4915431
210.79075,1.6985701
210.80236,1.5539289
210.81397,1.2431785
210.82558,1.5118344
210.83719,1.397726
210.8488,1.3486395
210.86041,1.4151339
210.87202,1.4601728
210.88363,1.25579
210.89524,1.3481249
210.90685,1.6979609
210.91846,1.3657308
210.93007,1.3246967
210.94168,1.5328269
210.95329,1.2640864
210.9649,1.160011
210.97651,1.6869069
210.98812,1.6969346
210.99973,2.0700135
211.01134,2.5920009
211.02295,1.9965786
211.03456,1.9153417
211.04617,2.1973807
211.05778,1.7161609
211.06939,1.8591317
211.081,1.9441497
211.09261,1.7002473
211.10422,1.5283264
211.11583,1.6949912
211.12744,1.6898571
211.13905,1.5559371
211.15066,1.9506709
211.16227,2.0489926
211.17388,1.5556151
211.18549,2.1559206
211.1971,1.8898738
211.20871,1.5040114
211.22032,1.3735859
211.23193,1.4460983
211.24354,1.3320328
211.25515,1.5018358
211.26676,1.97425
211.27837,1.784194
211.28998,1.6882172
211.30159,1.875266
211.3132,1.6686875
211.32481,1.4916775
211.33642,1.639481
211.34803,1.5268902
211.35964,1.284333
211.37125,1.2537801
211.38286,1.4690924
211.39447,1.2683922
211.40608,1.5156547
211.41769,1.8328686
211.4293,1.6399371
211.44091,1.4762239
211.45252,1.8848292
211.46413,1.3836436
211.47574,1.1786567
211.48735,1.2539838
211.49896,1.2828815
211.51057,1.3728221
211.52218,1.4584441
211.53379,1.7203631
211.5454,1.4539241
211.55701,1.4844691
211.56862,1.826629
211.58023,1.2625085
211.59184,1.3835979
211.60345,1.5718547
211.61506,1.1997038
211.62667,1.0467425
211.63828,1.1338895
211.64989,1.8405068
211.6615,1.1257168
211.67311,1.6519285
211.68472,1.9394359
211.69633,1.3395305
211.70794,2.3789417
211.71955,1.1583756
211.73116,1.8217396
211.74277,1.8806529
211.75438,1.8382857
211.76599,1.5626889
211.7776,1.2411859
211.78921,1.9252942
211.80082,1.8560728
211.81243,1.4798743
211.82404,1.1999594
211.83565,1.5586144
211.84726,1.1170947
211.85887,1.3138099
211.87048,1.315021
211.88209,1.9429224
211.8937,2.3170855
211.90531,3.3435788
211.91692,3.1684888
211.92853,3.3781511
211.94014,3.2568943
211.95175,2.9441295
211.96336,3.3383712
211.97497,2.8029583
211.98658,3.0625394
211.99819,2.991032
212.0098,2.9600104
212.02141,2.9530816
212.03302,2.8789133
212.04463,3.1919946
212.05624,2.5614909
212.06785,2.9158351
212.07946,2.6270829
212.09107,2.8644201
212.10268,2.4903906
212.11429,2.7450949
212.1259,2.4768611
212.13751,2.4704378
212.14912,2.5575048
212.16073,2.2951619
212.17234,2.4801079
212.18395,3.4925962
212.19556,4.5757157
212.20717,4.7550195
212.21878,3.9503884
212.23039,4.7470811
212.242,4.069786
212.25361,4.324466
212.26522,3.0930495
212.27683,3.4774113
212.28844,2.856304
212.30005,2.9987262
212.31166,2.8603512
212.32327,2.9153482
212.33488,3.5741853
212.34649,5.6769004
212.3581,4.096576
212.36971,4.09409
212.38132,3.625406
212.39293,3.1261028
212.40454,2.8961421
212.41615,3.1006479
212.42776,3.3487465
212.43937,2.8174497
212.45098,3.2611664
212.46259,2.3536199
212.4742,2.9771174
212.4858,3.4355757
212.49741,4.0796821
212.50902,3.8083948
212.52063,4.3578214
212.53224,2.3982933
212.54385,4.4526648
212.55546,2.5154051
212.56707,3.7954389
212.57868,2.7861906
212.59029,4.0520666
212.6019,3.035686
212.61351,2.9170718
212.62512,3.7234069
212.63673,2.5182142
212.64834,4.3044084
212.65995,2.8251207
212.67156,4.0890475
212.68317,2.4555461
212.69478,3.8476694
212.70639,2.1157414
212.718,3.4698677
212.72961,1.8566459
212.74122,4.9127614
212.75283,4.9206262
212.76444,5.5478891
212.77605,4.6571965
212.78766,5.4387339
212.79927,4.2795108
212.81088,4.8474625
212.82249,3.1945578
212.8341,4.0657475
212.84571,3.2853878
212.85732,6.1006467
212.86893,8.1102783
212.88054,7.5240518
212.89215,7.2097366
212.90376,6.725945
212.91537,6.3910493
212.92698,6.2900963
212.93859,5.9863527
212.9502,5.6149394
212.96181,5.2664168
212.97342,5.062776
212.98503,4.9530367
212.99664,4.844537
213.00825,4.6424502
213.01986,4.4592837
213.03147,4.2466863
213.04308,4.0219891
213.05469,3.692719
213.0663,3.6413537
213.07791,3.8514636
213.08952,3.7580454
213.10113,3.4796231
213.11274,3.3381785
213.12435,3.2629061
213.13596,2.9851638
213.14757,2.8925284
213.15918,3.1957693
213.17079,2.8942365
213.1824,2.675199
213.19401,2.7122978
213.20562,2.4238926
213.21723,2.206821
213.22884,2.2001282
213.24045,2.2545722
213.25206,2.0118283
213.26367,1.9681748
213.27528,1.8126155
213.28689,1.9594687
213.2985,1.8828281
213.31011,1.7235517
213.32172,1.8198012
213.33333,1.996469
213.34494,1.778923
213.35655,1.6528675
213.36816,1.5302681
213.37977,1.714904
213.39138,1.7612326
213.40299,1.7256598
213.4146,1.745813
213.42621,1.6079193
213.43782,1.5170255
213.44943,1.3616466
213.46104,1.4723777
213.47265,1.4860259
213.48426,1.57649
213.49587,1.6661171
213.50748,1.5132279
213.51909,1.5066948
213.5307,1.5636124
213.54231,1.5359189
213.55392,1.5391577
213.56553,1.6336166
213.57714,1.6322109
213.58875,1.5347684
213.60036,1.4280508
213.61197,1.9703804
213.62358,2.181346
213.63519,1.7395961
213.6468,2.7211281
213.65841,2.9495581
213.67002,2.1260918
213.68163,2.5569214
213.69324,2.5016471
213.70485,1.7216608
213.71646,2.7854239
213.72807,2.4902142
213.73968,1.7041942
213.75129,2.8334573
213.7629,2.0717664
213.77451,1.8542613
213.78612,2.8137677
213.79773,1.6927954
213.80934,2.3263736
213.82095,2.6119644
213.83256,1.3032717
213.84417,2.435023
213.85578,2.2676293
213.86739,1.6471362
213.879,2.469698
213.89061,2.1942825
213.90222,1.7636566
213.91383,2.4227245
213.92544,1.7274265
213.93705,1.5185809
213.94866,2.2685677
213.96027,1.8620109
213.97188,2.0018743
213.98349,2.2474166
213.9951,1.3776421
214.00671,2.1057253
214.01832,2.0413061
214.02993,1.2816643
214.04154,2.2289658
214.05315,1.8226508
214.06476,1.7250219
214.07637,1.9915496
214.08798,1.3612253
214.09959,1.6046724
214.1112,1.8550922
214.12281,1.4610637
214.13442,1.6630088
214.14603,1.6714555
214.15764,1.6018767
214.16925,1.5017999
214.18086,1.6028343
214.19247,1.5111576
214.20408,1.5777473
214.21569,1.8084741
214.2273,1.0405433
214.23891,1.6944592
214.25052,1.461314
214.26213,1.1816079
214.27374,1.7835297
214.28535,2.7528203
214.29696,2.8417051
214.30857,3.5445541
214.32018,2.6239656
214.33179,2.919435
214.3434,2.0473546
214.35501,2.0903299
214.36662,1.6930864
214.37823,1.9552352
214.38984,5.0556631
214.40145,5.3669193
214.41306,5.8795914
214.42467,5.9799316
214.43628,5.7297188
214.44789,5.3294029
214.4595,5.185063
214.47111,4.6084154
214.48272,4.3683862
214.49433,3.8528974
214.50594,3.6711973
214.51755,3.2165992
214.52916,3.212821
214.54077,2.8682284
214.55238,2.7257993
214.56399,2.5436487
214.5756,2.2516766
214.58721,2.2354056
214.59882,2.2043402
214.61043,1.8577954
214.62204,1.6977534
214.63365,1.8148444
214.64526,1.7850636
214.65687,1.4232403
214.66848,1.507807
214.68009,1.5718126
214.6917,1.5967756
214.70331,1.6665284
214.71492,1.6220234
214.72653,1.6947258
214.73814,1.5435402
214.74975,1.4019192
214.76136,1.4717211
214.77297,1.5073436
214.78458,1.4204305
214.79619,1.4663127
214.8078,1.3810775
214.81941,1.3953398
214.83102,1.5037924
214.84263,1.6287574
214.85424,1.5743212
214.86585,1.6115537
214.87746,1.6105057
214.88907,1.6362577
214.90068,1.621127
214.91229,1.5473245
214.9239,1.5299794
214.93551,1.3771989
214.94712,1.2120381
214.95873,1.0836085
214.97034,1.0379047
214.98195,0.98007376
214.99356,0.96442061
215.00517,0.93336374
215.01678,0.7460871
215.02839,0.75972566
215.04,0.79667086
215.05161,0.92322089
215.06322,0.94620483
215.07483,0.94952535
215.08644,4.2536637
215.09805,4.9339624
215.10966,4.7932984
215.12127,4.6461041
215.13288,4.4375757
215.14449,4.1670524
215.1561,4.0560872
215.16771,3.6971407
215.17932,3.4329732
215.19093,3.2049053
215.20254,3.0702791
215.21415,2.8304176
215.22576,2.5970958
215.23737,2.4853342
215.24898,4.0683541
215.26059,6.1775075
215.2722,6.1312607
215.28381,5.7789602
215.29542,5.2549501
215.30703,5.2498027
215.31864,4.5607741
215.33025,4.3003081
215.34186,4.0446142
215.35347,4.0566003
215.36508,3.5215774
215.37669,3.6061773
215.3883,3.4373293
215.39991,3.1918268
215.41152,3.340673
215.42313,2.964948
215.43474,3.129176
215.44635,2.6364099
215.45796,2.9645678
215.46957,3.134886
215.48118,2.8757899
215.49279,3.049535
215.5044,2.5557226
215.51601,2.9651125
215.52762,2.6296158
215.53923,2.3803301
215.55084,2.5975936
215.56245,2.2884542
215.57406,2.8158892
215.58567,2.2009995
215.59728,2.3552697
215.60889,2.2888869
215.6205,2.1891343
215.63211,2.5421579
215.64372,1.9089011
215.65533,2.2143759
215.66694,2.0190393
215.67855,2.095213
215.69016,2.1803466
215.70177,2.1138525
215.71338,2.0992122
215.72499,2.1811148
215.7366,1.9406156
215.74821,2.2224275
215.75982,1.5705541
215.77143,2.2780519
215.78304,1.6327642
215.79465,2.1850076
215.80626,1.5406477
215.81787,1.934901
215.82948,1.8119199
215.84109,1.6345496
215.8527,1.963647
215.86431,1.4255
215.87592,2.0149527
215.88753,1.6376949
215.89914,1.8095834
215.91075,1.8251683
215.92236,1.845246
215.93397,1.7985442
215.94558,1.6094767
215.95719,1.7131474
215.9688,1.4517366
215.98041,1.511296
215.99202,1.5529926
216.00363,1.4102869
216.01524,1.4728978
216.02685,1.4953883
216.03846,1.5016121
216.05007,1.597884
216.06168,1.6402357
216.07329,1.5352417
216.0849,1.5394067
216.09651,1.4850907
216.10812,1.5117466
216.11973,1.3396638
216.13134,3.5813997
216.14295,3.1150103
216.15456,2.6409963
216.16617,2.4401756
216.17778,2.8198649
216.18939,2.5906403
216.201,2.8588115
216.21261,2.5948543
216.22422,2.8371946
216.23583,3.2925787
216.24744,3.195952
216.25905,2.8281397
216.27066,3.1212456
216.28227,2.4122883
216.29388,2.554463
216.30549,2.4621877
216.3171,2.1647209
216.32871,2.3603881
216.34032,2.1974777
216.35193,2.1086053
216.36354,1.995801
216.37515,2.5518781
216.38676,2.4139144
216.39837,2.6506783
216.40998,2.7074631
216.42159,2.6067223
216.4332,2.7673754
216.44481,2.5284203
216.45642,2.3894389
216.46803,2.0534954
216.47964,2.1869412
216.49125,1.9002964
216.50286,1.8514219
216.51447,2.0595076
216.52608,1.6361209
216.53769,2.0437929
216.5493,1.8197825
216.56091,1.9875528
216.57252,1.7612857
216.58413,1.8602832
216.59574,1.8207067
216.60735,1.9471296
216.61896,1.6417596
216.63057,1.8558227
216.64218,1.5451456
216.65379,1.6618382
216.6654,1.7819806
216.67701,1.8923269
216.68862,1.8110179
216.70023,1.9956323
216.71184,1.8242453
216.72345,2.0629521
216.73506,1.9198065
216.74667,1.9472403
216.75828,1.9519465
216.76989,1.7882479
216.7815,1.9336245
216.79311,1.686417
216.80472,1.8399976
216.81633,1.7258161
216.82794,1.917132
216.83955,2.022932
216.85116,1.9321512
216.86277,2.0802697
216.87438,1.8289968
216.88599,1.9221405
216.8976,1.7899873
216.90921,1.8222635
216.92082,1.8144173
216.93243,1.5210803
216.94404,1.8463368
216.95565,1.2953877
216.96726,1.8255162
216.97887,1.5246434
216.99048,1.7725922
217.00209,1.596043
217.0137,2.3156318
217.02531,3.8355403
217.03692,2.6424342
217.04853,3.5040417
217.06014,2.8821388
217.07175,2.7190048
217.08336,2.9361491
217.09497,2.9538577
217.10658,2.4852076
217.11819,2.8710804
217.1298,3.0053738
217.14141,2.4006409
217.15302,2.5034014
217.16463,2.8465123
217.17624,2.3361562
217.18785,2.124029
217.19946,2.1247494
217.21107,2.5850131
217.22268,2.3491213
217.23429,2.4265062
217.2459,2.5585719
217.25751,2.5147282
217.26912,2.3089177
217.28073,2.4090511
217.29234,2.3510932
217.30395,2.2784892
217.31556,2.325159
217.32717,2.4245906
217.33878,2.2971609
217.35039,2.2795272
217.362,2.218968
217.37361,2.0919175
217.38522,2.135445
217.39683,2.2010676
217.40844,2.176857
217.42005,2.0695474
217.43166,2.0979515
217.44327,2.1459301
217.45488,2.005461
217.46649,1.8339204
217.4781,2.0073288
217.48971,1.9356995
217.50132,1.8941692
217.51293,2.0036094
217.52454,2.0895192
217.53615,1.8926497
217.54776,2.0068062
217.55937,2.1614049
217.57098,1.8657138
217.58259,1.7341534
217.5942,2.0628125
217.6058,1.9635094
217.61741,1.6208763
217.62902,1.7624339
217.64063,1.8657018
217.65224,1.5933244
217.66385,1.5886721
217.67546,1.8096502
217.68707,1.6737966
217.69868,1.5175416
217.71029,1.6699626
217.7219,1.7214317
217.73351,2.2649612
217.74512,1.8305666
217.75673,2.198057
217.76834,2.0814747
217.77995,2.8960563
217.79156,1.8684923
217.80317,1.9925786
217.81478,2.1243013
217.82639,2.7760925
217.838,2.3132888
217.84961,2.1121837
217.86122,1.9510497
217.87283,2.393262
217.88444,2.0927876
217.89605,2.3357637
217.90766,1.9038082
217.91927,1.6806235
217.93088,1.8921097
217.94249,2.3539809
217.9541,2.1901988
217.96571,1.8734687
217.97732,1.6536008
217.98893,1.9622027
218.00054,1.8639762
218.01215,1.9214804
218.02376,2.0416569
218.03537,1.8142861
218.04698,1.9610971
218.05859,2.0225298
218.0702,2.0334
218.08181,1.4833451
218.09342,1.6708066
218.10503,1.4172216
218.11664,1.9440494
218.12825,1.6134009
218.13986,1.9220327
218.15147,1.5744664
218.16308,1.6129961
218.17469,1.4878178
218.1863,1.7572818
218.19791,1.3621085
218.20952,1.9081574
218.22113,1.5763233
218.23274,1.7718113
218.24435,1.543288
218.25596,1.5315158
218.26757,1.3217107
218.27918,1.6388029
218.29079,1.5851653
218.3024,1.6866388
218.31401,1.6118988
218.32562,1.3660777
218.33723,1.9973245
218.34884,2.3179327
218.36045,2.469408
218.37206,2.3422819
218.38367,2.7635172
218.39528,2.9011305
218.40689,2.6147424
218.4185,1.9335395
218.43011,2.0154628
218.44172,2.8162542
218.45333,2.9703996
218.46494,2.5332806
218.47655,1.7547206
218.48816,5.9955401
218.49977,6.6355928
218.51138,5.3989431
218.52299,5.1155631
218.5346,4.7754186
218.54621,4.5824712
218.55782,4.437838
218.56943,4.0651111
218.58104,3.9783445
218.59265,3.8704768
218.60426,3.6842505
218.61587,3.4585885
218.62748,3.9039357
218.63909,3.4901774
218.6507,3.4840693
218.66231,3.1361646
218.67392,3.0001359
218.68553,2.8627363
218.69714,2.5311947
218.70875,2.7751439
218.72036,2.3974777
218.73197,2.6062269
218.74358,2.4222594
218.75519,1.9808885
218.7668,2.2203473
218.77841,2.2356481
218.79002,2.2442583
218.80163,2.418955
218.81324,2.2456283
218.82485,1.9618186
218.83646,1.7785241
218.84807,1.8948612
218.85968,1.8746096
218.87129,2.1034441
218.8829,2.1017457
218.89451,1.8948128
218.90612,1.8577654
218.91773,1.8101151
218.92934,1.8786896
218.94095,1.8084855
218.95256,1.9005185
218.96417,1.725017
218.97578,1.8601124
218.98739,1.6754117
218.999,1.5176083
219.01061,1.7025473
219.02222,1.6419659
219.03383,1.5521012
219.04544,1.8426599
219.05705,1.4462475
219.06866,1.4023268
219.08027,1.5534518
219.09188,1.2825498
219.10349,1.6769984
219.1151,2.9969945
219.12671,2.207322
219.13832,2.6023741
219.14993,2.0738601
219.16154,2.0408358
219.17315,2.0952078
219.18476,2.5210594
219.19637,1.8464249
219.20798,2.0144915
219.21959,2.0945612
219.2312,2.0386607
219.24281,1.759758
219.25442,2.1729167
219.26603,2.0984241
219.27764,2.3685011
219.28925,2.2197042
219.30086,2.3117927
219.31247,2.0578557
219.32408,2.0576526
219.33569,2.0778466
219.3473,2.0288386
219.35891,1.9361378
219.37052,1.9907862
219.38213,1.8471092
219.39374,1.9248025
219.40535,1.8601177
219.41696,1.6890516
219.42857,1.6661661
219.44018,1.6993753
219.45179,1.6195511
219.4634,1.5079373
219.47501,1.8593387
219.48662,1.4686386
219.49823,1.4495535
219.50984,1.5597019
219.52145,5.3855111
219.53306,8.8752732
219.54467,6.6811729
219.55628,6.2230069
219.56789,6.1563008
219.5795,6.265597
219.59111,5.2570948
219.60272,5.8362348
219.61433,4.9724016
219.62594,5.1241507
219.63755,5.0631558
219.64916,5.0612519
219.66077,5.0956008
219.67238,4.4282956
219.68399,4.6873623
219.6956,4.5840513
219.70721,5.8035766
219.71882,5.217409
219.73043,4.0897596
219.74204,3.8417112
219.75365,3.8326833
219.76526,4.6946204
219.77687,5.1516927
219.78848,4.0261413
219.80009,3.425227
219.8117,3.7983178
219.82331,3.9754847
219.83492,4.7079397
219.84653,4.2710841
219.85814,3.3263086
219.86975,3.4956227
219.88136,3.5382373
219.89297,3.4654966
219.90458,3.4551507
219.91619,2.9648507
219.9278,2.8258439
219.93941,2.9469172
219.95102,2.7810447
219.96263,2.9649832
219.97424,2.7837141
219.98585,2.8434105
219.99746,2.5187936
220.00907,2.4341177
220.02068,2.5830099
220.03229,2.5604268
220.0439,2.9809692
220.05551,2.4505082
220.06712,2.0385926
220.07873,2.142694
220.09034,2.4722211
220.10195,2.7028624
220.11356,2.8283033
220.12517,2.0988406
220.13678,2.0849329
220.14839,2.2009588
220.16,2.5372901
220.17161,2.9401871
220.18322,2.5553352
220.19483,2.2633637
220.20644,4.2714517
220.21805,3.8140295
220.22966,2.4997099
220.24127,3.6288029
220.25288,2.7061787
220.26449,2.8415945
220.2761,3.8861035
220.28771,2.6812338
220.29932,2.8674778
220.31093,3.1181023
220.32254,4.3481609
220.33415,6.6226845
220.34576,6.7713669
220.35737,8.2668183
220.36898,6.9682991
220.38059,8.0381923
220.3922,7.1827206
220.40381,6.5035695
220.41542,7.5045119
220.42703,6.2421552
220.43864,6.9868546
220.45025,6.6903479
220.46186,6.4598806
220.47347,6.8944508
220.48508,5.6075594
220.49669,6.934568
220.5083,5.3923289
220.51991,5.7817139
220.53152,6.4407172
220.54313,5.1818681
220.55474,6.2831031
220.56635,5.0620429
220.57796,5.9537458
220.58957,5.315924
220.60118,5.2195785
220.61279,5.5651152
220.6244,4.1378294
220.63601,5.2686526
220.64762,4.9030869
220.65923,4.2929092
220.67084,5.195825
220.68245,3.5344287
220.69406,5.2609032
220.70567,3.7973636
220.71728,4.8920807
220.72889,4.0145884
220.7405,4.015012
220.75211,4.5094702
220.76372,3.1876543
220.77533,3.7361069
220.78694,3.5635408
220.79855,3.4978831
220.81016,3.34507
220.82177,3.7429658
220.83338,8.8274436
220.84499,11.430073
220.8566,9.2747742
220.86821,8.1861792
220.87982,8.2710717
220.89143,7.7473583
220.90304,6.8352067
220.91465,7.1638292
220.92626,7.1231474
220.93787,7.204973
220.94948,7.0629166
220.96109,6.7605963
220.9727,6.8826561
220.98431,6.7674358
220.99592,6.8999998
221.00753,6.4700272
221.01914,6.3567236
221.03075,5.9606583
221.04236,5.6287971
221.05397,5.4367879
221.06558,5.2894724
221.07719,5.3498846
221.0888,4.8497982
221.10041,4.782934
221.11202,4.3297415
221.12363,4.2913319
221.13524,4.1229902
221.14685,4.2315334
221.15846,4.300125
221.17007,3.9505098
221.18168,3.7787843
221.19329,3.3296708
221.2049,3.405667
221.21651,3.3948171
221.22812,3.4466732
221.23973,3.1343546
221.25134,3.0577219
221.26295,3.1760679
221.27456,2.9158576
221.28617,3.184365
221.29778,3.1918845
221.30939,3.2675175
221.321,3.0914941
221.33261,3.1804714
221.34422,3.1659502
221.35583,3.0860186
221.36744,3.0194051
221.37905,2.9038549
221.39066,3.0471723
221.40227,2.8660116
221.41388,2.9547209
221.42549,2.7624792
221.4371,2.8802375
221.44871,3.0766291
221.46032,2.9137978
221.47193,3.156039
221.48354,3.5135958
221.49515,3.6776783
221.50676,3.3123636
221.51837,3.1473702
221.52998,2.8582675
221.54159,2.934838
221.5532,3.1698794
221.56481,3.1812418
221.57642,2.6488556
221.58803,2.3537888
221.59964,2.2911111
221.61125,2.7040697
221.62286,2.9119654
221.63447,2.7767513
221.64608,2.5409653
221.65769,2.3919001
221.6693,2.5143065
221.68091,2.7230031
221.69252,2.789551
221.70413,2.5849841
221.71574,2.3600508
221.72735,2.2060028
221.73896,2.5736189
221.75057,2.568996
221.76218,2.4456965
221.77379,2.3304403
221.7854,2.3164494
221.79701,2.3833682
221.80862,2.3928772
221.82023,2.5142426
221.83184,2.4386214
221.84345,2.5268164
221.85506,2.3850089
221.86667,2.4016592
221.87828,2.2519834
221.88989,2.3608682
221.9015,2.2267068
221.91311,2.0682094
221.92472,1.9114293
221.93633,2.9511616
221.94794,3.2654723
221.95955,3.6563169
221.97116,3.4404462
221.98277,3.820813
221.99438,3.7608501
222.00599,3.9210301
222.0176,3.5366522
222.02921,3.5808282
222.04082,3.3842985
222.05243,3.5319035
222.06404,3.2362009
222.07565,3.2097579
222.08726,2.9654532
222.09887,3.0678821
222.11048,2.7699278
222.12209,2.9429423
222.1337,2.5559668
222.14531,2.6479185
222.15692,2.2144429
222.16853,2.3743737
222.18014,2.2456576
222.19175,2.356131
222.20336,2.2011418
222.21497,2.1793587
222.22658,2.2647791
222.23819,2.3351075
222.2498,2.3192289
222.26141,2.3359565
222.27302,2.2210668
222.28463,2.069696
222.29624,2.1545394
222.30785,2.1030303
222.31946,2.3159875
222.33107,2.2034156
222.34268,2.4809335
222.35429,3.4354981
222.3659,2.7371196
222.37751,3.2640688
222.38912,2.9922669
222.40073,2.6894501
222.41234,2.4916695
222.42395,3.0512639
222.43556,3.0505174
222.44717,2.8861967
222.45878,2.816434
222.47039,2.0996473
222.482,2.7927377
222.49361,2.7326048
222.50522,3.0347175
222.51683,1.7971951
222.52844,2.5136803
222.54005,2.3413547
222.55166,3.0173355
222.56327,2.2877573
222.57488,2.3536903
222.58649,1.7799684
222.5981,2.4939595
222.60971,2.0969591
222.62132,2.5771329
222.63293,1.808291
222.64454,1.9877438
222.65615,4.5051432
222.66776,8.0258948
222.67937,12.046517
222.69098,11.780476
222.70259,10.797997
222.7142,10.432161
222.7258,9.4467365
222.73741,9.2181295
222.74902,8.7479519
222.76063,8.2642338
222.77224,7.7751573
222.78385,7.6913482
222.79546,7.513325
222.80707,6.4277273
222.81868,5.8067006
222.83029,6.29728
222.8419,6.3910381
222.85351,5.5335121
222.86512,4.5291662
222.87673,2.9789988
222.88834,3.6754893
222.89995,3.6056662
222.91156,2.819899
222.92317,2.3613942
222.93478,2.0338131
222.94639,2.6792451
222.958,2.724671
222.96961,2.959773
222.98122,2.4584483
222.99283,2.7614151
223.00444,2.3370274
223.01605,2.6053214
223.02766,2.3407031
223.03927,1.6158916
223.05088,2.1001513
223.06249,2.5243083
223.0741,2.3890192
223.08571,1.7405197
223.09732,1.9998927
223.10893,1.743939
223.12054,2.1730848
223.13215,2.2066318
223.14376,1.894376
223.15537,2.1362864
223.16698,1.8199254
223.17859,1.9668327
223.1902,1.580451
223.20181,1.9909821
223.21342,1.6176938
223.22503,1.686167
223.23664,2.0927307
223.24825,1.9759517
223.25986,1.7236393
223.27147,2.8872307
223.28308,2.8367511
223.29469,2.4692871
223.3063,2.3599592
223.31791,2.5110345
223.32952,2.1079776
223.34113,2.2344222
223.35274,2.8554863
223.36435,2.7960952
223.37596,2.787364
223.38757,3.7489837
223.39918,4.1957364
223.41079,4.9640867
223.4224,6.1239986
223.43401,4.7439494
223.44562,5.4001467
223.45723,5.3281033
223.46884,3.4379748
223.48045,5.0943249
223.49206,4.6235657
223.50367,4.4314909
223.51528,5.005607
223.52689,4.8356332
223.5385,3.8927271
223.55011,5.2016422
223.56172,4.2890761
223.57333,4.0848906
223.58494,5.0491723
223.59655,3.8025216
223.60816,4.9907954
223.61977,4.5657189
223.63138,3.7011631
223.64299,4.1575972
223.6546,4.348933
223.66621,3.5664462
223.67782,4.4786011
223.68943,4.1757069
223.70104,3.2787664
223.71265,4.2514816
223.72426,3.7406911
223.73587,4.0111071
223.74748,3.7196436
223.75909,2.9834065
223.7707,3.9576865
223.78231,3.4976785
223.79392,3.8959052
223.80553,3.7730396
223.81714,3.8580687
223.82875,3.1307947
223.84036,3.1223435
223.85197,3.4848984
223.86358,5.6105535
223.87519,10.275245
223.8868,14.365874
223.89841,13.600129
223.91002,12.563202
223.92163,12.192695
223.93324,11.180027
223.94485,11.104191
223.95646,10.277832
223.96807,9.8104398
223.97968,9.3428771
223.99129,9.1378102
224.0029,8.3904137
224.01451,8.1030537
224.02612,8.016764
224.03773,7.5405214
224.04934,7.1639754
224.06095,6.4572164
224.07256,6.1996017
224.08417,5.4442846
224.09578,5.6233188
224.10739,5.5063919
224.119,5.4414545
224.13061,5.2106811
224.14222,4.6990949
224.15383,4.7771353
224.16544,4.2899531
224.17705,4.6898524
224.18866,4.4174161
224.20027,4.7135374
224.21188,4.3578636
224.22349,3.7380126
224.2351,3.5066415
224.24671,2.8251676
224.25832,3.3304694
224.26993,2.8009539
224.28154,3.1107827
224.29315,2.5977701
224.30476,2.8380087
224.31637,2.5073083
224.32798,2.1364829
224.33959,2.5262393
224.3512,2.3284526
224.36281,2.7647797
224.37442,2.289382
224.38603,2.7708483
224.39764,2.4483796
224.40925,2.2568956
224.42086,3.8948462
224.43247,3.3507959
224.44408,2.4875771
224.45569,3.591343
224.4673,3.254186
224.47891,3.1232772
224.49052,3.0566494
224.50213,2.6514664
224.51374,3.0060427
224.52535,3.3987822
224.53696,2.7687571
224.54857,1.9985528
224.56018,2.89847
224.57179,3.1902343
224.5834,2.3972672
224.59501,2.8560533
224.60662,3.1278416
224.61823,2.3734918
224.62984,3.2220868
224.64145,2.964636
224.65306,2.0435549
224.66467,3.0178797
224.67628,2.5150113
224.68789,2.0925119
224.6995,2.6911909
224.71111,2.6570132
224.72272,2.252684
224.73433,2.4176185
224.74594,2.2864011
224.75755,2.547586
224.76916,2.5095518
224.78077,2.0119614
224.79238,2.2952663
224.80399,2.2380318
224.8156,2.3506691
224.82721,1.9999554
224.83882,2.4681864
224.85043,2.7198707
224.86204,2.3086915
224.87365,2.1941761
224.88526,2.5092632
224.89687,2.5606395
224.90848,2.7956296
224.92009,2.7750864
224.9317,2.8064409
224.94331,2.2977567
224.95492,2.7702125
224.96653,2.7620249
224.97814,2.4031754
224.98975,2.6108139
225.00136,2.5116224
225.01297,2.0649331
225.02458,2.7437164
225.03619,2.9457135
225.0478,2.1977189
225.05941,2.5165683
225.07102,2.8349402
225.08263,2.3338587
225.09424,2.5787722
225.10585,2.182513
225.11746,2.1984678
225.12907,2.3458254
225.14068,2.4325729
225.15229,2.4682033
225.1639,2.0442178
225.17551,2.3512915
225.18712,2.4225006
225.19873,1.975808
225.21034,2.2341678
225.22195,2.278136
225.23356,2.2352936
225.24517,2.214523
225.25678,2.0415544
225.26839,2.6773175
225.28,3.1425355
225.29161,2.6908359
225.30322,2.2066785
225.31483,2.303768
225.32644,2.6202581
225.33805,2.3676619
225.34966,2.5489168
225.36127,1.8745969
225.37288,2.56001
225.38449,1.6660553
225.3961,2.2479954
225.40771,1.9249069
225.41932,2.2641504
225.43093,2.149795
225.44254,2.0697365
225.45415,1.7237706
225.46576,1.5427377
225.47737,2.2879235
225.48898,1.6652587
225.50059,1.6916415
225.5122,1.7894553
225.52381,1.7833254
225.53542,1.3854219
225.54703,1.5441661
225.55864,4.360497
225.57025,6.7447435
225.58186,6.8138568
225.59347,7.4885999
225.60508,6.7902821
225.61669,6.894539
225.6283,6.3248114
225.63991,6.1008963
225.65152,5.9823413
225.66313,5.685796
225.67474,5.5125763
225.68635,4.9488195
225.69796,4.466148
225.70957,4.0730575
225.72118,3.9411236
225.73279,4.0136463
225.7444,4.4698914
225.75601,4.1857127
225.76762,3.6215868
225.77923,3.4826282
225.79084,3.5697663
225.80245,3.6331397
225.81406,3.1167112
225.82567,3.4275078
225.83728,3.5396599
225.84889,2.8886006
225.8605,2.6414479
225.87211,2.7739988
225.88372,2.846154
225.89533,2.2194904
225.90694,3.0890464
225.91855,3.5547627
225.93016,3.083256
225.94177,2.2560283
225.95338,2.5147787
225.96499,2.7662442
225.9766,2.5035529
225.98821,2.486078
225.99982,2.7091085
226.01143,3.1419518
226.02304,3.2081153
226.03465,2.4256346
226.04626,2.5260693
226.05787,2.1846108
226.06948,1.9670807
226.08109,2.5351256
226.0927,2.6786506
226.10431,2.8339392
226.11592,2.209415
226.12753,2.7583532
226.13914,2.8661425
226.15075,1.8724266
226.16236,2.1807473
226.17397,2.5098272
226.18558,3.4425302
226.19719,3.391104
226.2088,3.0546978
226.22041,3.4047328
226.23202,2.7713772
226.24363,3.3951686
226.25524,4.4112598
226.26685,4.0172144
226.27846,4.9822925
226.29007,4.0504647
226.30168,4.2533927
226.31329,5.0149044
226.3249,3.8283054
226.33651,4.6550666
226.34812,4.4009294
226.35973,4.2998521
226.37134,4.2317346
226.38295,4.0940462
226.39456,4.3847412
226.40617,4.5292949
226.41778,3.9865341
226.42939,3.7817349
226.441,3.4756812
226.45261,4.2419554
226.46422,3.5159524
226.47583,3.0630156
226.48744,4.7096772
226.49905,2.9004299
226.51066,3.6222385
226.52227,3.7956431
226.53388,2.9989635
226.54549,3.3256076
226.5571,3.6259175
226.56871,3.3529063
226.58032,3.6350847
226.59193,2.896451
226.60354,3.2492139
226.61515,3.0466004
226.62676,3.0843037
226.63837,3.3942732
226.64998,3.7575233
226.66159,3.3220732
226.6732,3.3635657
226.68481,2.8269525
226.69642,2.2803625
226.70803,2.5548628
226.71964,2.4449006
226.73125,2.3032343
226.74286,3.0242669
226.75447,6.3008979
226.76608,4.8514729
226.77769,7.623394
226.7893,7.6686039
226.80091,5.9838993
226.81252,7.9832702
226.82413,7.0285346
226.83574,5.181706
226.84735,6.9369196
226.85896,5.4352007
226.87057,5.1200474
226.88218,5.732957
226.89379,4.2904441
226.9054,4.3519399
226.91701,4.6456635
226.92862,4.5841152
226.94023,4.8666312
226.95184,4.4260943
226.96345,4.1652827
226.97506,3.8197649
226.98667,3.6543405
226.99828,3.9364287
227.00989,3.3803478
227.0215,2.7993017
227.03311,3.3363453
227.04472,3.2677937
227.05633,2.9963581
227.06794,3.341615
227.07955,2.8792497
227.09116,2.4477075
227.10277,3.0281359
227.11438,3.1332244
227.12599,3.0627413
227.1376,2.7090314
227.14921,2.6746099
227.16082,2.2600408
227.17243,2.6688012
227.18404,2.8941455
227.19565,2.3456044
227.20726,2.2479833
227.21887,2.6597487
227.23048,2.5363069
227.24209,2.460089
227.2537,2.57306
227.26531,2.2646533
227.27692,2.2949666
227.28853,2.2888142
227.30014,2.9341209
227.31175,2.5447466
227.32336,2.3928532
227.33497,2.8953778
227.34658,3.8031368
227.35819,2.9284861
227.3698,2.6477203
227.38141,3.127871
227.39302,2.6465825
227.40463,2.3355776
227.41624,3.3679114
227.42785,3.2336178
227.43946,2.3716797
227.45107,2.6773535
227.46268,3.0933984
227.47429,2.3075865
227.4859,2.6921478
227.49751,3.038913
227.50912,2.1103752
227.52073,2.6232531
227.53234,3.1196656
227.54395,2.7007777
227.55556,2.4246209
227.56717,2.6345746
227.57878,2.1421653
227.59039,2.4476573
227.602,2.8467862
227.61361,2.5837008
227.62522,1.8750842
227.63683,2.5311127
227.64844,2.0955062
227.66005,1.9584182
227.67166,2.6474711
227.68327,2.0731268
227.69488,2.0063703
227.70649,2.449667
227.7181,1.8401041
227.72971,1.9428135
227.74132,2.3830502
227.75293,1.8564937
227.76454,1.9496264
227.77615,2.096646
227.78776,2.7110374
227.79937,2.4679752
227.81098,3.2059
227.82259,3.6379656
227.8342,3.6644902
227.8458,3.2235309
227.85741,3.4180348
227.86902,3.0872064
227.88063,3.1397752
227.89224,3.3579041
227.90385,3.3118069
227.91546,2.6332671
227.92707,3.288382
227.93868,3.109031
227.95029,2.6357938
227.9619,3.0153735
227.97351,2.5926045
227.98512,2.1352143
227.99673,2.9587669
228.00834,2.5821709
228.01995,2.2724519
228.03156,2.69933
228.04317,2.5832874
228.05478,2.1732668
228.06639,2.3301035
228.078,2.2668818
228.08961,2.4441835
228.10122,2.2075433
228.11283,2.4388772
228.12444,2.0442887
228.13605,1.9062572
228.14766,2.2094631
228.15927,1.9670948
228.17088,2.4130113
228.18249,1.8860208
228.1941,2.0367868
228.20571,2.3941626
228.21732,2.1389444
228.22893,1.8055681
228.24054,2.6713805
228.25215,1.8369689
228.26376,2.0121161
228.27537,2.6045936
228.28698,2.0268906
228.29859,2.0731838
228.3102,2.4123745
228.32181,2.4033154
228.33342,1.92731
228.34503,2.4442036
228.35664,2.4085248
228.36825,2.0048943
228.37986,6.3754123
228.39147,10.655679
228.40308,11.902057
228.41469,10.778855
228.4263,10.433237
228.43791,10.885723
228.44952,10.200752
228.46113,10.031504
228.47274,10.193763
228.48435,9.622195
228.49596,9.3487217
228.50757,9.8114
228.51918,9.2707709
228.53079,8.6333138
228.5424,8.5898905
228.55401,8.4085431
228.56562,8.0883071
228.57723,7.8917831
228.58884,7.6068033
228.60045,7.1701505
228.61206,7.1463561
228.62367,7.0137069
228.63528,6.6434401
228.64689,6.4008413
228.6585,6.4854979
228.67011,6.050452
228.68172,5.7947579
228.69333,5.7731783
228.70494,5.420712
228.71655,5.4516969
228.72816,5.3353979
228.73977,4.7726746
228.75138,4.6316389
228.76299,4.5966356
228.7746,4.0255611
228.78621,4.3104165
228.79782,4.0445096
228.80943,3.3535008
228.82104,3.686891
228.83265,3.4568915
228.84426,2.9641866
228.85587,3.5989303
228.86748,5.8691643
228.87909,8.3693517
228.8907,8.4113556
228.90231,7.9285028
228.91392,8.9657179
228.92553,8.4748889
228.93714,7.0916955
228.94875,7.8439551
228.96036,7.567342
228.97197,6.1265258
228.98358,6.0418388
228.99519,5.6976268
229.0068,4.8317704
229.01841,4.6496719
229.03002,5.3098221
229.04163,4.4098743
229.05324,4.8247684
229.06485,5.411566
229.07646,3.9293056
229.08807,4.7812054
229.09968,4.8350176
229.11129,2.7214116
229.1229,4.7604231
229.13451,4.2191023
229.14612,2.6192062
229.15773,4.8814526
229.16934,4.2205759
229.18095,2.5122816
229.19256,4.6856217
229.20417,4.0243686
229.21578,2.5014427
229.22739,4.973041
229.239,5.94905
229.25061,10.912368
229.26222,15.077546
229.27383,13.375171
229.28544,12.359832
229.29705,12.684534
229.30866,11.843324
229.32027,10.171769
229.33188,8.7928684
229.34349,8.9242237
229.3551,9.7751685
229.36671,9.1078194
229.37832,8.2392392
229.38993,9.1767819
229.40154,8.5676513
229.41315,6.607639
229.42476,6.2074956
229.43637,6.3644964
229.44798,5.5816728
229.45959,4.6620334
229.4712,4.7620071
229.48281,4.8716705
229.49442,5.0665092
229.50603,4.6751159
229.51764,4.6980114
229.52925,5.0768542
229.54086,5.0035435
229.55247,4.6175088
229.56408,3.8661733
229.57569,3.7672987
229.5873,3.7833637
229.59891,3.8274456
229.61052,3.4113983
229.62213,3.6229948
229.63374,3.6687879
229.64535,2.4491754
229.65696,1.9955043
229.66857,2.3129126
229.68018,2.714841
229.69179,2.2728446
229.7034,2.3929273
229.71501,2.7338001
229.72662,2.8521894
229.73823,2.7316995
229.74984,2.2715582
229.76145,2.5656697
229.77306,2.3737269
229.78467,2.1774955
229.79628,1.9918365
229.80789,1.9347105
229.8195,2.209944
229.83111,2.6032095
229.84272,2.1311351
229.85433,2.3319692
229.86594,2.9670117
229.87755,2.2745674
229.88916,1.8541527
229.90077,2.2213318
229.91238,1.8741933
229.92399,2.0822788
229.9356,2.4609555
229.94721,2.29983
229.95882,2.6134776
229.97043,2.7918825
229.98204,2.2116887
229.99365,2.8576146
230.00526,5.4360408
230.01687,3.0394086
230.02848,4.0224999
230.04009,3.4440002
230.0517,3.2288383
230.06331,4.9934106
230.07492,4.9797767
230.08653,5.1025737
230.09814,5.1630378
230.10975,4.7304161
230.12136,4.498044
230.13297,4.3337257
230.14458,3.3246771
230.15619,3.3276871
230.1678,2.9616338
230.17941,3.3118114
230.19102,3.6518366
230.20263,3.2246126
230.21424,4.017274
230.22585,3.7018692
230.23746,3.7433529
230.24907,4.0466789
230.26068,3.7479629
230.27229,3.5678782
230.2839,3.9033918
230.29551,3.1916366
230.30712,3.1111222
230.31873,3.4402462
230.33034,2.5839491
230.34195,3.0092634
230.35356,3.18116
230.36517,2.6123687
230.37678,3.1064247
230.38839,2.9928167
230.4,3.3903649
230.41161,3.6201765
230.42322,3.1252351
230.43483,3.3748789
230.44644,3.5161965
230.45805,2.5936593
230.46966,2.8115248
230.48127,3.0797277
230.49288,2.6497927
230.50449,2.7934516
230.5161,2.472573
230.52771,2.9382917
230.53932,3.1818765
230.55093,2.9000344
230.56254,3.1854072
230.57415,3.2271769
230.58576,2.8416589
230.59737,3.7308597
230.60898,5.5672907
230.62059,5.1746435
230.6322,6.7222933
230.64381,6.5128196
230.65542,7.2026844
230.66703,6.5143551
230.67864,6.3606308
230.69025,6.5332355
230.70186,5.8177524
230.71347,5.9480331
230.72508,5.3607851
230.73669,4.9871713
230.7483,5.1652401
230.75991,3.9526229
230.77152,4.0800699
230.78313,4.268985
230.79474,3.8653541
230.80635,3.9940008
230.81796,3.7494777
230.82957,3.5858371
230.84118,3.0434147
230.85279,2.9049293
230.8644,3.4635767
230.87601,2.3924974
230.88762,2.7155194
230.89923,3.0306209
230.91084,2.4964216
230.92245,2.929095
230.93406,2.6351993
230.94567,2.6479843
230.95728,2.5670644
230.96889,2.4563152
230.9805,2.4922948
230.99211,2.1801691
231.00372,2.5856783
231.01533,2.3016279
231.02694,1.9004075
231.03855,2.6825517
231.05016,2.3694758
231.06177,2.1279613
231.07338,2.2550928
231.08499,2.3818831
231.0966,2.2814393
231.10821,2.0021081
231.11982,2.4645477
231.13143,2.0690909
231.14304,1.9629822
231.15465,2.40972
231.16626,2.0293699
231.17787,2.2408093
231.18948,2.2039313
231.20109,2.2150657
231.2127,2.10774
231.22431,2.0677818
231.23592,2.4957818
231.24753,2.0416203
231.25914,2.1654423
231.27075,2.4321462
231.28236,2.0766691
231.29397,2.1473218
231.30558,1.8936661
231.31719,1.6787627
231.3288,1.9843083
231.34041,2.4819656
231.35202,3.115312
231.36363,2.196302
231.37524,1.7015821
231.38685,2.2262752
231.39846,2.6814653
231.41007,2.4673055
231.42168,2.1347732
231.43329,2.1531061
231.4449,1.9334195
231.45651,2.2710935
231.46812,2.4818
231.47973,2.0811807
231.49134,1.9405927
231.50295,2.0428377
231.51456,2.2114901
231.52617,2.3539716
231.53778,2.0846788
231.54939,1.8114925
231.561,1.9050022
231.57261,2.1990749
231.58422,1.9858353
231.59583,2.1516288
231.60744,2.1793247
231.61905,1.8597656
231.63066,2.0943654
231.64227,2.1248144
231.65388,1.7235032
231.66549,2.0467657
231.6771,1.9988446
231.68871,1.9682853
231.70032,1.916558
231.71193,2.0370966
231.72354,1.7802877
231.73515,1.8402282
231.74676,2.0446561
231.75837,1.7024741
231.76998,1.8795044
231.78159,2.0771376
231.7932,1.6344058
231.80481,1.9061739
231.81642,1.9618585
231.82803,1.4551841
231.83964,1.9980439
231.85125,1.8273674
231.86286,1.4864182
231.87447,1.8994766
231.88608,1.7709328
231.89769,1.5142355
231.9093,1.824965
231.92091,1.8404632
231.93252,1.7150557
231.94413,1.6736921
231.95574,2.1899098
231.96735,1.8400062
231.97896,1.9332161
231.99057,2.9325665
232.00218,2.2295695
232.01379,2.2143574
232.0254,2.0739773
232.03701,2.4444938
232.04862,2.3699495
232.06023,1.8854049
232.07184,1.7955618
232.08345,2.0439217
232.09506,2.2650546
232.10667,2.3931253
232.11828,2.189754
232.12989,1.8854519
232.1415,1.9386122
232.15311,4.6826348
232.16472,5.0996626
232.17633,4.5031559
232.18794,4.2269073
232.19955,4.0398222
232.21116,3.7283172
232.22277,3.4537044
232.23438,3.3396158
232.24599,3.1705453
232.2576,3.1875112
232.26921,2.9326543
232.28082,2.8378121
232.29243,3.0316424
232.30404,2.8323039
232.31565,2.8949384
232.32726,2.6604118
232.33887,2.5339006
232.35048,2.5066649
232.36209,1.9553618
232.3737,2.5278507
232.38531,2.0017003
232.39692,2.0962279
232.40853,2.3821887
232.42014,1.714948
232.43175,1.7916786
232.44336,2.0723838
232.45497,1.9282725
232.46658,1.7649879
232.47819,1.7947147
232.4898,1.9349571
232.50141,1.5566135
232.51302,1.9849257
232.52463,1.8299734
232.53624,1.6599552
232.54785,2.1706083
232.55946,1.8639848
232.57107,1.738994
232.58268,2.2307776
232.59429,1.6776523
232.6059,1.9226261
232.61751,2.0698188
232.62912,1.4256957
232.64073,1.9870502
232.65234,1.915938
232.66395,1.3461171
232.67556,1.9679164
232.68717,1.8392342
232.69878,1.3877775
232.71039,2.1500475
232.722,1.5792875
232.73361,1.69873
232.74522,1.8470558
232.75683,1.4163174
232.76844,1.5762988
232.78005,1.8539064
232.79166,1.1655717
232.80327,1.1188332
232.81488,1.4877869
232.82649,1.1608908
232.8381,1.1911034
232.84971,1.2244129
232.86132,1.2247491
232.87293,1.2847264
232.88454,1.3346719
232.89615,1.1166123
232.90776,1.1956182
232.91937,1.1880061
232.93098,1.2979349
232.94259,1.2147964
232.9542,1.0292312
232.9658,1.361079
232.97741,1.1351286
232.98902,1.0769223
233.00063,1.1186694
233.01224,1.0694096
233.02385,0.84110276
233.03546,1.1324633
233.04707,0.98187139
233.05868,0.89956267
233.07029,1.0093626
233.0819,1.0833256
233.09351,0.76968023
233.10512,0.9219657
233.11673,1.1243156
233.12834,0.82794743
233.13995,0.88293038
233.15156,1.0596812
233.16317,2.9382037
233.17478,5.9790561
233.18639,5.8692981
233.198,5.1347235
233.20961,4.5944222
233.22122,4.874728
233.23283,4.2787996
233.24444,4.4388364
233.25605,4.2133723
233.26766,3.9578651
233.27927,4.2355792
233.29088,4.0325505
233.30249,3.9111561
233.3141,3.4474296
233.32571,3.4315926
233.33732,4.0629543
233.34893,4.0303157
233.36054,3.7469561
233.37215,2.7866227
233.38376,3.2024742
233.39537,3.1909099
233.40698,3.1670187
233.41859,3.4655684
233.4302,2.7514699
233.44181,2.7295257
233.45342,2.9094514
233.46503,2.8545272
233.47664,3.1043846
233.48825,2.663128
233.49986,2.7560245
233.51147,2.8076392
233.52308,2.8180584
233.53469,2.1872194
233.5463,2.0414615
233.55791,2.2271038
233.56952,2.3205821
233.58113,2.4330687
233.59274,1.8754754
233.60435,1.7856604
233.61596,1.6936144
233.62757,2.1352462
233.63918,1.9599971
233.65079,2.0645759
233.6624,1.9152436
233.67401,1.8453435
233.68562,2.0326749
233.69723,1.5812677
233.70884,2.0308845
233.72045,1.8161838
233.73206,1.8330655
233.74367,1.8769202
233.75528,1.8135838
233.76689,1.7234249
233.7785,3.7271459
233.79011,5.3953699
233.80172,4.9451759
233.81333,5.2110154
233.82494,4.8734237
233.83655,4.7668066
233.84816,4.1592464
233.85977,3.793479
233.87138,3.7110102
233.88299,3.527039
233.8946,3.4062019
233.90621,3.2042007
233.91782,2.9713394
233.92943,2.6611316
233.94104,2.5474317
233.95265,2.3205206
233.96426,2.1372586
233.97587,1.8061528
233.98748,1.7393711
233.99909,1.5629527
234.0107,1.4067701
234.02231,1.559549
234.03392,1.5160495
234.04553,2.667525
234.05714,2.9209737
234.06875,5.7098849
234.08036,6.2117394
234.09197,6.3280318
234.10358,6.1350238
234.11519,5.5769876
234.1268,5.5837039
234.13841,5.8264166
234.15002,5.452114
234.16163,5.1800279
234.17324,5.7763449
234.18485,5.4206533
234.19646,5.1287588
234.20807,5.6864776
234.21968,4.8871184
234.23129,5.0713512
234.2429,4.8554171
234.25451,5.0564789
234.26612,4.7528629
234.27773,4.6357526
234.28934,5.0851469
234.30095,4.066168
234.31256,4.725339
234.32417,4.5624679
234.33578,4.1352403
234.34739,4.2486189
234.359,4.1386503
234.37061,4.0307878
234.38222,3.8943791
234.39383,3.9326019
234.40544,4.0099612
234.41705,3.0426529
234.42866,4.0254274
234.44027,3.210929
234.45188,3.3524624
234.46349,3.2498899
234.4751,3.214937
234.48671,2.994367
234.49832,3.0331947
234.50993,3.1475115
234.52154,2.6587338
234.53315,2.4986956
234.54476,3.2612558
234.55637,2.5046728
234.56798,2.758066
234.57959,2.741205
234.5912,2.8276606
234.60281,2.4044061
234.61442,2.597623
234.62603,2.9777498
234.63764,1.9787375
234.64925,2.707919
234.66086,2.7151441
234.67247,2.4848071
234.68408,2.8644469
234.69569,2.6494144
234.7073,2.7403528
234.71891,2.4626799
234.73052,2.5747899
234.74213,2.1133103
234.75374,1.7876632
234.76535,2.9552238
234.77696,2.3850134
234.78857,1.7386347
234.80018,2.1701367
234.81179,3.0008258
234.8234,4.8419576
234.83501,7.0269995
234.84662,5.5307652
234.85823,5.1864333
234.86984,5.4647903
234.88145,5.1966012
234.89306,4.1149467
234.90467,4.8242997
234.91628,4.1395854
234.92789,4.3804812
234.9395,4.3183866
234.95111,4.1515269
234.96272,4.4101016
234.97433,3.8859345
234.98594,4.3322365
234.99755,3.4288422
235.00916,3.8156159
235.02077,3.3854317
235.03238,3.3770783
235.04399,3.1384505
235.0556,2.8335119
235.06721,2.9268086
235.07882,2.4486381
235.09043,2.8223311
235.10204,2.274268
235.11365,2.4295884
235.12526,1.9834588
235.13687,2.073419
235.14848,2.0681284
235.16009,1.8392222
235.1717,2.1402226
235.18331,1.6470929
235.19492,1.9885406
235.20653,1.7961555
235.21814,1.8703194
235.22975,1.5035805
235.24136,1.5576706
235.25297,1.8742931
235.26458,1.5906685
235.27619,2.0127546
235.2878,1.7929607
235.29941,2.0180054
235.31102,1.6521226
235.32263,1.9241319
235.33424,1.8696864
235.34585,1.8240676
235.35746,1.9695244
235.36907,1.8160695
235.38068,2.0376099
235.39229,1.6479914
235.4039,2.1802211
235.41551,1.820806
235.42712,2.1358776
235.43873,2.2367361
235.45034,2.3218514
235.46195,2.2224801
235.47356,2.3299139
235.48517,2.1911037
235.49678,2.1345595
235.50839,2.0825409
235.52,1.7419272
235.53161,1.7318013
235.54322,1.4296925
235.55483,1.9227259
235.56644,1.6635465
235.57805,1.771911
235.58966,1.5184063
235.60127,1.7232533
235.61288,1.591456
235.62449,1.4144151
235.6361,1.1566095
235.64771,1.1887086
235.65932,1.3917651
235.67093,1.3460561
235.68254,1.2533428
235.69415,1.206039
235.70576,1.1270062
235.71737,1.3941024
235.72898,1.5158126
235.74059,1.5072924
235.7522,1.6487893
235.76381,1.6731671
235.77542,1.5642121
235.78703,1.4932099
235.79864,1.5186266
235.81025,1.5010292
235.82186,1.6052686
235.83347,1.5124967
235.84508,1.6218281
235.85669,1.2459229
235.8683,1.7598393
235.87991,1.6426387
235.89152,1.9023176
235.90313,1.7916646
235.91474,1.677926
235.92635,1.7115549
235.93796,1.4600242
235.94957,1.5600444
235.96118,1.6494104
235.97279,1.694198
235.9844,1.8698079
235.99601,1.6870117
236.00762,1.5655168
236.01923,1.578257
236.03084,1.6562948
236.04245,1.7325326
236.05406,1.7261481
236.06567,1.5354979
236.07728,1.8747364
236.08889,1.661527
236.1005,1.8565695
236.11211,1.6498842
236.12372,1.9830685
236.13533,1.8226763
236.14694,2.021791
236.15855,1.9012193
236.17016,2.0218654
236.18177,1.9685774
236.19338,1.9841021
236.20499,1.9289217
236.2166,1.8266948
236.22821,1.8450198
236.23982,1.6607039
236.25143,1.7084363
236.26304,1.548487
236.27465,1.6798198
236.28626,1.4498945
236.29787,1.5686216
236.30948,1.5351676
236.32109,1.5065835
236.3327,1.3222834
236.34431,1.345453
236.35592,1.0845389
236.36753,1.4165381
236.37914,1.3485978
236.39075,1.7095321
236.40236,1.2864679
236.41397,1.2762625
236.42558,1.4037679
236.43719,1.5485412
236.4488,1.182604
236.46041,1.6578648
236.47202,1.4330766
236.48363,1.5161293
236.49524,1.3107952
236.50685,1.5845144
236.51846,1.0097791
236.53007,1.5549353
236.54168,1.4337554
236.55329,1.8377007
236.5649,1.2500171
236.57651,1.5212174
236.58812,1.1246365
236.59973,1.6831087
236.61134,1.4549201
236.62295,1.8392728
236.63456,3.8855741
236.64617,6.2452084
236.65778,6.8578034
236.66939,6.3867603
236.681,6.1138369
236.69261,5.6869806
236.70422,5.464409
236.71583,5.1262542
236.72744,4.8522059
236.73905,4.6957454
236.75066,4.5080752
236.76227,4.3511695
236.77388,3.7921109
236.78549,3.8380667
236.7971,3.0092939
236.80871,2.2369919
236.82032,1.4992984
236.83193,1.4079154
236.84354,1.4622459
236.85515,1.8894767
236.86676,1.7477541
236.87837,1.7777866
236.88998,1.9003822
236.90159,1.72129
236.9132,1.5114731
236.92481,1.0814246
236.93642,1.343479
236.94803,1.2882047
236.95964,1.7182821
236.97125,1.8754087
236.98286,1.656883
236.99447,1.6881293
237.00608,2.1043344
237.01769,1.8234652
237.0293,1.2573307
237.04091,1.302352
237.05252,1.5165171
237.06413,1.5131162
237.07574,1.3663642
237.08735,1.080198
237.09896,1.1192977
237.11057,1.4053976
237.12218,1.5544988
237.13379,1.3933966
237.1454,1.0637048
237.15701,1.1791445
237.16862,1.5559927
237.18023,1.3675793
237.19184,1.1906153
237.20345,0.91131293
237.21506,1.0718523
237.22667,1.1898038
237.23828,1.4401583
237.24989,1.1416935
237.2615,1.4203512
237.27311,4.5289027
237.28472,4.5700011
237.29633,4.443198
237.30794,4.4219123
237.31955,4.2546573
237.33116,3.7874421
237.34277,3.4878882
237.35438,3.3145403
237.36599,3.2445068
237.3776,3.2293892
237.38921,2.8535705
237.40082,2.6890963
237.41243,2.6050848
237.42404,2.2816715
237.43565,2.2657595
237.44726,2.0930256
237.45887,1.7989861
237.47048,1.5329831
237.48209,1.2410349
237.4937,1.3536361
237.50531,1.2696201
237.51692,1.1350955
237.52853,1.1417972
237.54014,1.3486704
237.55175,2.2447662
237.56336,2.9271425
237.57497,4.3326492
237.58658,3.2476417
237.59819,3.6437228
237.6098,3.437993
237.62141,2.8995849
237.63302,3.3820318
237.64463,3.2342582
237.65624,3.0204003
237.66785,3.3252384
237.67946,3.3811924
237.69107,2.5683072
237.70268,3.550608
237.71429,2.9157913
237.7259,3.2167
237.73751,3.2021854
237.74912,2.8897804
237.76073,3.1569304
237.77234,3.2709681
237.78395,2.8770866
237.79556,2.6534513
237.80717,3.1961302
237.81878,1.9936327
237.83039,3.2641499
237.842,2.724212
237.85361,2.6211663
237.86522,2.9287283
237.87683,2.2825411
237.88844,2.8391845
237.90005,2.6019947
237.91166,2.4376177
237.92327,2.5186987
237.93488,2.8228232
237.94649,2.2233889
237.9581,2.7125352
237.96971,2.5101803
237.98132,2.3472859
237.99293,2.4412226
238.00454,2.4667707
238.01615,2.2939864
238.02776,2.4285315
238.03937,2.3355108
238.05098,1.775891
238.06259,2.5945738
238.0742,1.6477807
238.0858,2.4738946
238.09741,1.9921458
238.10902,2.0868679
238.12063,2.8192527
238.13224,2.4701313
238.14385,2.4120616
238.15546,2.1648268
238.16707,1.768463
238.17868,1.9561272
238.19029,2.340187
238.2019,2.1926035
238.21351,2.4336732
238.22512,2.1977357
238.23673,1.8680149
238.24834,2.46916
238.25995,3.7685978
238.27156,7.4959843
238.28317,8.2885817
238.29478,8.0469241
238.30639,7.2507059
238.318,7.2115361
238.32961,6.5335856
238.34122,6.3565672
238.35283,5.9921356
238.36444,5.4844037
238.37605,5.7336048
238.38766,5.019242
238.39927,5.2383603
238.41088,4.7359584
238.42249,4.7289655
238.4341,4.27692
238.44571,4.019634
238.45732,4.0317366
238.46893,3.6067214
238.48054,3.8673111
238.49215,3.7403585
238.50376,3.9135487
238.51537,3.2656646
238.52698,3.2099783
238.53859,2.9876356
238.5502,3.0516754
238.56181,3.0000114
238.57342,2.9076912
238.58503,3.0741926
238.59664,2.6286109
238.60825,2.7429223
238.61986,2.3601485
238.63147,2.2788646
238.64308,1.9680072
238.65469,1.9793428
238.6663,1.8311142
238.67791,1.5138918
238.68952,1.7523117
238.70113,1.3813197
238.71274,1.5692734
238.72435,1.3077703
238.73596,1.5771616
238.74757,1.4125633
238.75918,1.4415955
238.77079,1.4476465
238.7824,1.1658922
238.79401,1.2904721
238.80562,1.0928022
238.81723,1.4220866
238.82884,1.6262917
238.84045,1.7099757
238.85206,1.8757988
238.86367,1.9888275
238.87528,2.2223456
238.88689,1.1912531
238.8985,1.8821433
238.91011,2.1485507
238.92172,1.5451452
238.93333,2.3719728
238.94494,1.6110579
238.95655,1.5456298
238.96816,2.067406
238.97977,1.6155699
238.99138,1.7562851
239.00299,1.5430111
239.0146,2.0191661
239.02621,1.67474
239.03782,1.5974886
239.04943,1.921402
239.06104,1.8324691
239.07265,1.8629559
239.08426,1.549079
239.09587,1.7457613
239.10748,1.9405851
239.11909,1.7885611
239.1307,1.7585194
239.14231,1.6810249
239.15392,1.8733369
239.16553,1.5990093
239.17714,1.5656712
239.18875,1.5191267
239.20036,1.4764946
239.21197,1.8038777
239.22358,1.4323199
239.23519,1.4308715
239.2468,1.5171204
239.25841,1.3654637
239.27002,1.7119076
239.28163,1.1989971
239.29324,1.9051219
239.30485,1.2241963
239.31646,1.1354668
239.32807,1.746463
239.33968,1.5375059
239.35129,1.7593221
239.3629,1.576665
239.37451,1.4304182
239.38612,1.5574984
239.39773,1.5800034
239.40934,1.3190212
239.42095,1.8763837
239.43256,1.313994
239.44417,1.69151
239.45578,1.8747458
239.46739,1.637558
239.479,1.4980899
239.49061,1.5610394
239.50222,1.5780453
239.51383,1.5097217
239.52544,1.6448472
239.53705,1.3991609
239.54866,1.249181
239.56027,1.5527393
239.57188,1.3771707
239.58349,1.4395508
239.5951,1.429708
239.60671,1.3637418
239.61832,1.365122
239.62993,1.5280422
239.64154,1.4525665
239.65315,1.4128638
239.66476,1.3197253
239.67637,1.4581475
239.68798,1.3427649
239.69959,1.6732911
239.7112,1.1881124
239.72281,1.2725215
239.73442,1.4440123
239.74603,1.3367081
239.75764,1.122322
239.76925,1.2308201
239.78086,1.1979347
239.79247,1.2167312
239.80408,1.1401303
239.81569,1.1796124
239.8273,2.1416377
239.83891,1.5388047
239.85052,1.9272452
239.86213,1.5340565
239.87374,1.7510386
239.88535,1.1613725
239.89696,1.8918283
239.90857,1.548739
239.92018,1.4620641
239.93179,1.4292655
239.9434,1.3994534
239.95501,1.6797302
239.96662,1.3579127
239.97823,1.9424727
239.98984,1.3731132
240.00145,1.482448
240.01306,1.2584596
240.02467,1.6356653
240.03628,1.1409221
240.04789,1.3904391
240.0595,1.4840059
240.07111,1.6448287
240.08272,2.5118806
240.09433,3.8906029
240.10594,3.8407764
240.11755,4.543264
240.12916,3.6704462
240.14077,4.2378396
240.15238,3.9371272
240.16399,3.8504294
240.1756,3.5032494
240.18721,3.484738
240.19882,3.4563964
240.21043,3.1199918
240.22204,2.9467272
240.23365,2.9201049
240.24526,2.9286241
240.25687,2.7190738
240.26848,2.7259956
240.28009,2.7894424
240.2917,2.951867
240.30331,2.9423844
240.31492,2.6952561
240.32653,2.5792812
240.33814,2.7067209
240.34975,2.3132302
240.36136,2.3533633
240.37297,2.5531059
240.38458,2.9100046
240.39619,2.6382209
240.4078,2.1193359
240.41941,2.1064032
240.43102,1.8548924
240.44263,1.7317974
240.45424,1.869162
240.46585,2.4005277
240.47746,2.310975
240.48907,2.157308
240.50068,2.1333433
240.51229,1.8098051
240.5239,1.565084
240.53551,1.399464
240.54712,2.0218755
240.55873,2.0586233
240.57034,1.932854
240.58195,1.8780407
240.59356,1.7289136
240.60517,1.7296717
240.61678,1.354423
240.62839,1.8889506
240.64,2.105141
240.65161,2.1872536
240.66322,1.9108595
240.67483,1.7736633
240.68644,1.6944857
240.69805,1.2470797
240.70966,2.6829801
240.72127,3.9568216
240.73288,3.7328809
240.74449,4.0043782
240.7561,3.7193374
240.76771,3.4884675
240.77932,3.1166164
240.79093,2.9104005
240.80254,2.9186093
240.81415,2.7615118
240.82576,2.64158
240.83737,2.4505051
240.84898,2.2904254
240.86059,2.1260371
240.8722,2.1208234
240.88381,1.9782624
240.89542,1.7635286
240.90703,1.7138404
240.91864,1.6892925
240.93025,1.7922327
240.94186,1.6104259
240.95347,1.506269
240.96508,1.4402607
240.97669,1.6812408
240.9883,1.5620286
240.99991,1.5873837
241.01152,1.6764909
241.02313,1.6154202
241.03474,1.558845
241.04635,1.7633314
241.05796,2.542282
241.06957,2.0689134
241.08118,1.5666028
241.09279,1.8433834
241.1044,1.9408794
241.11601,1.6199864
241.12762,1.696688
241.13923,2.3241076
241.15084,3.1128918
241.16245,3.272091
241.17406,3.0758777
241.18567,3.3466215
241.19728,3.0574834
241.20889,3.1688835
241.2205,3.1807829
241.23211,3.0347589
241.24372,3.2690685
241.25533,3.2179855
241.26694,2.7201172
241.27855,3.2745265
241.29016,2.1291172
241.30177,3.1369695
241.31338,2.4416732
241.32499,2.5601931
241.3366,2.3545338
241.34821,2.3584627
241.35982,2.1374892
241.37143,2.6957575
241.38304,2.0989627
241.39465,2.4628483
241.40626,2.1812332
241.41787,2.4230626
241.42948,1.9628056
241.44109,2.3437175
241.4527,2.2410353
241.46431,1.9681026
241.47592,2.452098
241.48753,1.9360998
241.49914,1.9501831
241.51075,2.0409198
241.52236,2.2134647
241.53397,1.4232882
241.54558,2.3992005
241.55719,1.1974312
241.5688,1.9356132
241.58041,1.6355345
241.59202,1.8713027
241.60363,1.1815149
241.61524,1.8219583
241.62685,1.2390458
241.63846,1.6741866
241.65007,1.3337282
241.66168,1.6336718
241.67329,1.2043423
241.6849,1.4471769
241.69651,1.5514231
241.70812,1.3539395
241.71973,1.6733006
241.73134,1.3838591
241.74295,1.3462545
241.75456,1.3632712
241.76617,2.1011871
241.77778,1.5799337
241.78939,1.5443335
241.801,1.3965336
241.81261,1.5198368
241.82422,1.278626
241.83583,1.9666883
241.84744,1.2657733
241.85905,1.213949
241.87066,1.1641584
241.88227,1.5550774
241.89388,3.4923877
241.90549,3.2434221
241.9171,4.3038148
241.92871,4.126364
241.94032,4.6728449
241.95193,3.8859131
241.96354,3.9987038
241.97515,4.1769861
241.98676,3.4483133
241.99837,3.1076293
242.00998,3.1517256
242.02159,2.9889489
242.0332,2.7084096
242.04481,2.9459971
242.05642,2.421883
242.06803,2.8142042
242.07964,3.1671906
242.09125,2.6771391
242.10286,2.7172069
242.11447,2.2472197
242.12608,2.4695017
242.13769,2.2184937
242.1493,2.4251037
242.16091,2.2685465
242.17252,2.0582365
242.18413,2.0785376
242.19574,2.3698505
242.20735,2.2369808
242.21896,2.0062585
242.23057,1.8159276
242.24218,2.0798808
242.25379,2.0297395
242.2654,2.244981
242.27701,2.0522336
242.28862,2.0249993
242.30023,1.9383122
242.31184,1.978669
242.32345,2.131774
242.33506,2.1391074
242.34667,1.87027
242.35828,1.7439194
242.36989,1.9603713
242.3815,2.0305518
242.39311,1.9783514
242.40472,1.7345127
242.41633,1.7704932
242.42794,1.7476306
242.43955,1.9312295
242.45116,1.9485561
242.46277,1.8511018
242.47438,1.5794459
242.48599,1.6622741
242.4976,1.7513372
242.50921,1.8422189
242.52082,1.6999635
242.53243,1.6087199
242.54404,1.5833058
242.55565,1.6830624
242.56726,1.5669275
242.57887,2.3589948
242.59048,2.160108
242.60209,1.4688412
242.6137,2.2720497
242.62531,2.1078595
242.63692,0.9888124
242.64853,1.8166457
242.66014,2.1427356
242.67175,1.3265106
242.68336,1.7777594
242.69497,2.1331974
242.70658,1.6877485
242.71819,1.3857816
242.7298,1.8832469
242.74141,1.7316824
242.75302,1.5407755
242.76463,1.6571664
242.77624,2.0508975
242.78785,1.6745707
242.79946,1.4433305
242.81107,1.6009689
242.82268,1.5549858
242.83429,1.4099494
242.8459,1.659882
242.85751,1.9261287
242.86912,1.4563442
242.88073,1.2366162
242.89234,1.6650444
242.90395,1.3930462
242.91556,1.32264
242.92717,1.6469011
242.93878,1.469973
242.95039,1.1234767
242.962,1.5549688
242.97361,1.7278271
242.98522,1.302944
242.99683,1.0993498
243.00844,1.4043774
243.02005,1.4494378
243.03166,1.3906017
243.04327,1.5665584
243.05488,1.4450802
243.06649,1.1195184
243.0781,1.2323061
243.08971,1.3727735
243.10132,1.1975967
243.11293,1.3474388
243.12454,1.3958858
243.13615,2.1581655
243.14776,1.5822028
243.15937,2.0804524
243.17098,2.1028706
243.18259,1.9405814
243.1942,1.5889545
243.2058,2.273781
243.21741,1.774299
243.22902,1.3372467
243.24063,1.771264
243.25224,1.7274141
243.26385,1.3063418
243.27546,1.8094569
243.28707,1.7863909
243.29868,1.1566846
243.31029,1.5160226
243.3219,1.6157355
243.33351,1.676751
243.34512,1.146708
243.35673,1.5191628
243.36834,1.5325581
243.37995,1.2844652
243.39156,1.3122329
243.40317,1.7866875
243.41478,1.3497264
243.42639,1.1000117
243.438,1.3125687
243.44961,1.3657497
243.46122,1.1711747
243.47283,1.5645725
243.48444,1.550499
243.49605,1.0741375
243.50766,1.2752027
243.51927,1.5562011
243.53088,1.4309157
243.54249,1.413012
243.5541,1.4611978
243.56571,1.2152491
243.57732,1.3738448
243.58893,1.6394005
243.60054,1.6287793
243.61215,1.3324494
243.62376,1.4836287
243.63537,1.402774
243.64698,1.4157546
243.65859,1.6838498
243.6702,1.6161237
243.68181,1.2524225
243.69342,1.4685836
243.70503,1.4313258
243.71664,1.3091638
243.72825,1.5235067
243.73986,1.4146826
243.75147,1.1189476
243.76308,2.5383501
243.77469,5.9379102
243.7863,8.1950475
243.79791,7.561812
243.80952,7.0182922
243.82113,7.0212659
243.83274,7.1660316
243.84435,6.8483659
243.85596,6.8356106
243.86757,6.6508248
243.87918,6.2461787
243.89079,6.6060054
243.9024,6.2198844
243.91401,6.3142961
243.92562,6.1268311
243.93723,5.7603222
243.94884,5.8754142
243.96045,5.7503834
243.97206,5.1849618
243.98367,5.2371565
243.99528,5.2764164
244.00689,5.0403394
244.0185,4.8839655
244.03011,4.8077455
244.04172,4.6303372
244.05333,4.5545921
244.06494,4.3570834
244.07655,4.2142022
244.08816,4.1874034
244.09977,4.0986833
244.11138,4.0201742
244.12299,4.0007843
244.1346,3.7225323
244.14621,3.5751915
244.15782,3.6973472
244.16943,3.525491
244.18104,3.369907
244.19265,3.4374822
244.20426,3.1163736
244.21587,3.0449053
244.22748,3.1282843
244.23909,2.8497169
244.2507,2.6436989
244.26231,2.8315353
244.27392,2.6470843
244.28553,2.4269585
244.29714,2.4900309
244.30875,3.2261699
244.32036,6.0633345
244.33197,4.8489359
244.34358,5.436261
244.35519,5.9110392
244.3668,5.6352577
244.37841,4.9531281
244.39002,5.2793433
244.40163,4.949379
244.41324,4.2474635
244.42485,4.2991598
244.43646,3.969141
244.44807,3.3520379
244.45968,3.2831623
244.47129,3.5540074
244.4829,3.1359346
244.49451,3.3103081
244.50612,3.5754666
244.51773,2.9024109
244.52934,3.0955495
244.54095,3.0223848
244.55256,2.0548173
244.56417,2.819091
244.57578,2.8270069
244.58739,1.6796618
244.599,2.9002196
244.61061,2.8690916
244.62222,1.6583633
244.63383,2.8178498
244.64544,2.8584981
244.65705,1.5128983
244.66866,3.0614788
244.68027,2.8752431
244.69188,1.6340897
244.70349,3.2454985
244.7151,3.04357
244.72671,4.6406426
244.73832,7.5516536
244.74993,8.5267979
244.76154,7.6716457
244.77315,6.5091334
244.78476,6.3479027
244.79637,6.9880864
244.80798,7.057054
244.81959,5.7486467
244.8312,5.7455511
244.84281,6.2588458
244.85442,5.1717157
244.86603,4.0006471
244.87764,4.0360044
244.88925,4.2223938
244.90086,3.8104909
244.91247,3.1839216
244.92408,3.620098
244.93569,3.7463402
244.9473,3.6313636
244.95891,3.247791
244.97052,3.3098312
244.98213,3.1156084
244.99374,2.8848616
245.00535,2.7448663
245.01696,2.4647474
245.02857,2.6725084
245.04018,2.7234539
245.05179,2.792829
245.0634,2.4575461
245.07501,2.3932481
245.08662,2.3733335
245.09823,1.9135469
245.10984,1.6132135
245.12145,1.5717549
245.13306,1.589581
245.14467,1.6569472
245.15628,1.8456213
245.16789,1.9103368
245.1795,1.9382069
245.19111,1.5604454
245.20272,1.451687
245.21433,1.4977887
245.22594,1.1661325
245.23755,1.3603253
245.24916,1.3345686
245.26077,1.486537
245.27238,1.7346889
245.28399,1.8457004
245.2956,1.5428413
245.30721,1.6231591
245.31882,1.6354472
245.33043,0.94062074
245.34204,1.1168994
245.35365,1.0541436
245.36526,1.4342307
245.37687,1.4704745
245.38848,1.5620082
245.40009,1.7057144
245.4117,1.6449781
245.42331,1.6650381
245.43492,1.3734536
245.44653,1.2471584
245.45814,0.97806394
245.46975,1.2852614
245.48136,1.3688995
245.49297,1.4505355
245.50458,1.5859532
245.51619,1.7260295
245.5278,1.7600809
245.53941,1.3385076
245.55102,1.4454591
245.56263,1.3613094
245.57424,0.95843634
245.58585,0.97386689
245.59746,1.0937344
245.60907,1.3253232
245.62068,2.599338
245.63229,1.8626745
245.6439,1.706933
245.65551,2.2048244
245.66712,1.5775487
245.67873,2.3528845
245.69034,1.649323
245.70195,2.396762
245.71356,2.7892634
245.72517,2.6044888
245.73678,2.7413824
245.74839,2.5592763
245.76,2.4112504
245.77161,2.1660251
245.78322,1.8126687
245.79483,1.4948616
245.80644,1.777005
245.81805,1.5426453
245.82966,1.831566
245.84127,1.987254
245.85288,1.9796509
245.86449,2.2028992
245.8761,2.0653071
245.88771,2.0588457
245.89932,2.283864
245.91093,2.0755666
245.92254,1.9881061
245.93415,1.9599596
245.94576,1.6429276
245.95737,1.9300575
245.96898,1.6067761
245.98059,1.4445257
245.9922,1.9168774
246.00381,1.6662273
246.01542,1.6660597
246.02703,1.9618531
246.03864,1.8081551
246.05025,1.9502682
246.06186,1.9869394
246.07347,1.8090587
246.08508,1.946781
246.09669,1.7206361
246.1083,1.5092843
246.11991,1.9282968
246.13152,1.6779524
246.14313,1.641372
246.15474,1.7818119
246.16635,1.7374076
246.17796,1.9966242
246.18957,1.9789674
246.20118,1.8630356
246.21279,2.0185351
246.2244,1.8036482
246.23601,1.7095168
246.24762,1.6496966
246.25923,1.4535217
246.27084,1.5823062
246.28245,1.3853035
246.29406,1.1379829
246.30567,1.5604631
246.31728,1.3967256
246.32889,1.4337587
246.3405,1.600661
246.35211,1.5567674
246.36372,1.6329758
246.37533,1.605528
246.38694,1.4184768
246.39855,1.5843106
246.41016,1.5247735
246.42177,1.1880083
246.43338,1.3121439
246.44499,1.1201948
246.4566,0.94549005
246.46821,1.2252689
246.47982,1.1665028
246.49143,1.4034629
246.50304,1.4601262
246.51465,2.9610265
246.52626,3.9270748
246.53787,3.8709383
246.54948,4.4627173
246.56109,4.4550427
246.5727,4.0917294
246.58431,3.7013119
246.59592,4.0752332
246.60753,3.7228376
246.61914,3.1613151
246.63075,3.0181931
246.64236,2.768767
246.65397,3.1080581
246.66558,2.7836377
246.67719,2.9953183
246.6888,3.1912192
246.70041,2.9959514
246.71202,3.0671272
246.72363,2.6208258
246.73524,2.4954351
246.74685,2.5062468
246.75846,2.0270579
246.77007,2.2473089
246.78168,2.1084934
246.79329,1.9431995
246.8049,2.215642
246.81651,1.9602551
246.82812,1.9832999
246.83973,2.0027119
246.85134,1.9737637
246.86295,1.9120569
246.87456,1.7358045
246.88617,2.0300237
246.89778,1.8458351
246.90939,1.7299594
246.921,1.7673736
246.93261,1.6430708
246.94422,1.7175705
246.95583,1.7512611
246.96744,1.7380352
246.97905,1.5849043
246.99066,1.6314538
247.00227,1.7068323
247.01388,1.4401113
247.02549,1.5917399
247.0371,1.5714914
247.04871,1.4257376
247.06032,1.4948517
247.07193,1.533092
247.08354,1.5372354
247.09515,1.4020227
247.10676,1.5170323
247.11837,1.5191358
247.12998,1.2988862
247.14159,1.6386495
247.1532,1.4860375
247.16481,1.4118858
247.17642,1.6019271
247.18803,1.4802518
247.19964,1.5074291
247.21125,1.438643
247.22286,1.6412469
247.23447,1.5486058
247.24608,1.3638566
247.25769,1.6768092
247.2693,1.4338193
247.28091,1.2853726
247.29252,1.5625479
247.30413,1.3776782
247.31574,1.4286081
247.32735,1.4730157
247.33896,1.4576874
247.35057,1.4362553
247.36218,1.3356771
247.37379,1.4456743
247.3854,1.2899507
247.39701,1.2712472
247.40862,1.4932671
247.42023,1.1737427
247.43184,1.2350156
247.44345,1.4810038
247.45506,1.8288372
247.46667,1.5096853
247.47828,1.5520384
247.48989,1.3161594
247.5015,1.7745413
247.51311,1.5023276
247.52472,1.3164679
247.53633,1.3683768
247.54794,1.392002
247.55955,1.5159687
247.57116,1.5382451
247.58277,1.3556079
247.59438,1.2136007
247.60599,1.2873835
247.6176,1.4548034
247.62921,1.445481
247.64082,1.1596386
247.65243,1.333451
247.66404,1.1854384
247.67565,1.5633231
247.68726,1.3777941
247.69887,1.2944807
247.71048,1.1653413
247.72209,1.2260018
247.7337,1.2882038
247.74531,1.6145793
247.75692,1.1795898
247.76853,1.1917153
247.78014,1.1669624
247.79175,1.2491534
247.80336,1.2169894
247.81497,1.1327861
247.82658,0.93796725
247.83819,1.2084506
247.8498,1.1591072
247.86141,1.2039842
247.87302,1.1299165
247.88463,1.0535913
247.89624,0.95976624
247.90785,1.1386678
247.91946,1.2726474
247.93107,1.1480727
247.94268,1.1663719
247.95429,1.1776915
247.9659,0.94786797
247.97751,1.0941102
247.98912,1.3905836
248.00073,1.327244
248.01234,1.9923081
248.02395,1.7274514
248.03556,1.9434731
248.04717,1.7696925
248.05878,1.7820275
248.07039,1.4899571
248.082,1.8382697
248.09361,1.7216897
248.10522,1.9480889
248.11683,1.6086983
248.12844,1.5915371
248.14005,1.3844178
248.15166,1.7265461
248.16327,1.7082527
248.17488,1.8067434
248.18649,1.5642472
248.1981,1.5909579
248.20971,1.5262194
248.22132,1.6069904
248.23293,1.4671081
248.24454,1.4337468
248.25615,1.5111643
248.26776,1.6472157
248.27937,1.7307087
248.29098,1.5006304
248.30259,1.4092311
248.3142,1.1988099
248.3258,1.4966739
248.33741,1.4728395
248.34902,1.5637124
248.36063,1.2433591
248.37224,1.3579932
248.38385,1.3430462
248.39546,1.4479252
248.40707,1.2273974
248.41868,1.3790179
248.43029,1.2573189
248.4419,1.5186171
248.45351,1.3152642
248.46512,1.3578475
248.47673,1.3366037
248.48834,1.2756132
248.49995,1.3672975
248.51156,1.4765124
248.52317,1.3279139
248.53478,1.4364498
248.54639,1.7653464
248.558,1.301704
248.56961,1.6792842
248.58122,1.8029691
248.59283,1.4891433
248.60444,1.3650725
248.61605,1.777916
248.62766,1.254815
248.63927,1.3603985
248.65088,1.7099827
248.66249,1.4367197
248.6741,1.2426357
248.68571,1.6001285
248.69732,1.4523862
248.70893,1.1014018
248.72054,1.5004664
248.73215,1.470524
248.74376,1.2624265
248.75537,1.416112
248.76698,1.4857993
248.77859,0.9687523
248.7902,1.376914
248.80181,1.3633523
248.81342,1.2104185
248.82503,1.2235198
248.83664,1.3161274
248.84825,1.0921009
248.85986,1.3506192
248.87147,1.3010276
248.88308,1.0930724
248.89469,0.97877193
248.9063,1.3570896
248.91791,1.1243532
248.92952,1.0782392
248.94113,1.3536712
248.95274,1.1675072
248.96435,1.2291714
248.97596,1.3190402
248.98757,1.1562431
248.99918,1.00006
249.01079,1.2842389
249.0224,1.2297321
249.03401,1.2914271
249.04562,1.2666649
249.05723,1.2462481
249.06884,1.0396979
249.08045,1.1694185
249.09206,1.2358233
249.10367,1.178952
249.11528,1.12275
249.12689,1.2997019
249.1385,2.0976961
249.15011,2.4209408
249.16172,2.1183658
249.17333,1.4574084
249.18494,1.2455339
249.19655,1.9599703
249.20816,2.1825605
249.21977,2.1117302
249.23138,1.4856675
249.24299,1.1417651
249.2546,1.6523147
249.26621,2.1181955
249.27782,1.9004424
249.28943,1.2415636
249.30104,1.3016665
249.31265,1.7844984
249.32426,2.0603939
249.33587,1.8167738
249.34748,1.3154751
249.35909,1.0319702
249.3707,1.6135853
249.38231,1.9275995
249.39392,1.932908
249.40553,1.3102457
249.41714,1.2536613
249.42875,1.5024159
249.44036,1.81153
249.45197,1.5663397
249.46358,1.2489899
249.47519,1.0718513
249.4868,1.6781789
249.49841,1.5645081
249.51002,1.5091628
249.52163,1.0661963
249.53324,0.92802294
249.54485,1.0010185
249.55646,1.5195152
249.56807,1.3649834
249.57968,1.355134
249.59129,1.0712222
249.6029,1.0765744
249.61451,1.2743532
249.62612,1.3215403
249.63773,1.6472537
249.64934,1.8140833
249.66095,1.0155883
249.67256,1.7333624
249.68417,1.4596611
249.69578,1.6480876
249.70739,1.3678692
249.719,1.3055315
249.73061,1.5388546
249.74222,1.3531364
249.75383,1.4531918
249.76544,1.1939931
249.77705,1.2399966
249.78866,1.5625535
249.80027,1.2147207
249.81188,0.91285714
249.82349,1.3369089
249.8351,1.1544561
249.84671,1.3046267
249.85832,1.5033644
249.86993,1.1350428
249.88154,0.89972894
249.89315,1.2173376
249.90476,1.2233167
249.91637,1.3836872
249.92798,1.1582504
249.93959,0.86353855
249.9512,1.1958693
249.96281,1.1076022
249.97442,1.2051857
249.98603,1.2488429
249.99764,1.0449813
250.00925,0.9962828
250.02086,1.238442
250.03247,1.19601
250.04408,1.0241655
250.05569,0.9828858
250.0673,0.98441727
250.07891,1.1203976
250.09052,1.3101
250.10213,1.073771
250.11374,1.1744167
250.12535,0.96090977
250.13696,1.244768
250.14857,1.3036855
250.16018,1.3211791
250.17179,1.3490154
250.1834,1.2872187
250.19501,1.0384944
250.20662,1.3398283
250.21823,1.3388392
250.22984,1.1026808
250.24145,1.2335755
250.25306,3.5623859
250.26467,2.9841316
250.27628,4.0937406
250.28789,3.9292606
250.2995,3.8723588
250.31111,3.754871
250.32272,3.4455252
250.33433,3.3758592
250.34594,3.2325582
250.35755,2.8112331
250.36916,2.7423799
250.38077,2.5375635
250.39238,2.1841161
250.40399,2.3788835
250.4156,2.3583088
250.42721,2.1409841
250.43882,2.3403688
250.45043,2.2397635
250.46204,2.024847
250.47365,1.9481706
250.48526,1.7829683
250.49687,1.5915439
250.50848,1.7752984
250.52009,1.5819799
250.5317,1.5746063
250.54331,1.7447967
250.55492,1.5733382
250.56653,1.4431302
250.57814,1.600859
250.58975,1.4420941
250.60136,1.4020934
250.61297,1.599659
250.62458,1.4273321
250.63619,1.4637873
250.6478,1.5075435
250.65941,1.350536
250.67102,1.3190647
250.68263,1.510897
250.69424,1.4658915
250.70585,1.3927728
250.71746,1.4810207
250.72907,1.4770571
250.74068,1.4435763
250.75229,1.4546204
250.7639,1.3236223
250.77551,1.3473166
250.78712,1.3310694
250.79873,1.262972
250.81034,1.2996131
250.82195,1.3432441
250.83356,1.2263663
250.84517,1.331859
250.85678,1.3408751
250.86839,1.1597544
250.88,1.4257518
250.89161,1.4070467
250.90322,1.1552942
250.91483,1.3634598
250.92644,1.6861115
250.93805,1.522543
250.94966,1.669978
250.96127,2.1473891
250.97288,2.3878248
250.98449,2.1485602
250.9961,1.3172997
251.00771,1.4393851
251.01932,1.8524616
251.03093,2.0973234
251.04254,1.9374343
251.05415,1.3952437
251.06576,1.3694693
251.07737,1.701139
251.08898,2.1092885
251.10059,1.8327114
251.1122,1.4726167
251.12381,1.4340598
251.13542,1.7135261
251.14703,1.8956204
251.15864,1.7964667
251.17025,1.3628235
251.18186,1.0547612
251.19347,1.6427523
251.20508,2.1313091
251.21669,1.8908399
251.2283,1.4707219
251.23991,1.123491
251.25152,1.4003165
251.26313,1.6518481
251.27474,1.5590936
251.28635,1.2829701
251.29796,1.3162295
251.30957,1.509637
251.32118,1.6055444
251.33279,1.393484
251.3444,1.1739911
251.35601,0.97346594
251.36762,1.3378401
251.37923,1.5919359
251.39084,1.6174106
251.40245,1.4657083
251.41406,1.2590994
251.42567,1.1462855
251.43728,1.3402354
251.44889,1.4323434
251.4605,1.2284203
251.47211,1.4140331
251.48372,1.4476374
251.49533,1.275057
251.50694,1.4163591
251.51855,1.3886596
251.53016,0.77172432
251.54177,1.3715762
251.55338,1.2568288
251.56499,1.5334281
251.5766,1.2967359
251.58821,1.7075878
251.59982,1.3484121
251.61143,1.3647152
251.62304,1.4143194
251.63465,1.6545453
251.64626,1.3645228
251.65787,1.4105293
251.66948,1.1140087
251.68109,1.3613459
251.6927,1.1621801
251.70431,1.257111
251.71592,1.3126067
251.72753,1.4671253
251.73914,1.2265342
251.75075,1.4599533
251.76236,1.2162008
251.77397,1.2615384
251.78558,1.1438582
251.79719,1.4824709
251.8088,1.133687
251.82041,1.3003296
251.83202,1.2254719
251.84363,0.97065396
251.85524,1.3321607
251.86685,1.204443
251.87846,1.2248266
251.89007,1.4310847
251.90168,1.000709
251.91329,1.0172778
251.9249,1.5075372
251.93651,1.0551405
251.94812,1.1233047
251.95973,1.5279525
251.97134,1.1058808
251.98295,1.1748424
251.99456,1.4849702
252.00617,1.2330016
252.01778,1.2455955
252.02939,1.3916142
252.041,1.3522897
252.05261,1.2196991
252.06422,1.3314629
252.07583,1.4280184
252.08744,1.177108
252.09905,1.3223164
252.11066,1.4199331
252.12227,1.1965405
252.13388,1.3484438
252.14549,1.3271544
252.1571,1.3377035
252.16871,1.3313798
252.18032,1.2768932
252.19193,1.3668281
252.20354,1.2364855
252.21515,1.2597763
252.22676,1.4036386
252.23837,1.2189714
252.24998,1.3534162
252.26159,1.5198639
252.2732,1.4414197
252.28481,1.5778774
252.29642,1.5131365
252.30803,1.5149215
252.31964,1.5451081
252.33125,1.5358741
252.34286,1.4475906
252.35447,1.4421937
252.36608,1.5258237
252.37769,1.4698476
252.3893,1.3489779
252.40091,1.5255807
252.41252,1.4380643
252.42413,1.3178194
252.43574,1.4376543
252.44735,1.335226
252.45896,1.4005097
252.47057,1.3852695
252.48218,1.3164544
252.49379,1.2822645
252.5054,1.3183874
252.51701,1.3130698
252.52862,1.3724868
252.54023,1.2562019
252.55184,1.3135317
252.56345,1.2291351
252.57506,1.3090799
252.58667,1.2577361
252.59828,1.218209
252.60989,1.1927824
252.6215,1.3100289
252.63311,1.2107949
252.64472,1.1992171
252.65633,1.291134
252.66794,1.1662306
252.67955,1.1311997
252.69116,1.1720721
252.70277,1.1120536
252.71438,1.0819169
252.72599,1.0859126
252.7376,0.90047421
252.74921,1.138685
252.76082,1.0146467
252.77243,1.1501842
252.78404,1.0358242
252.79565,0.99182602
252.80726,0.83694113
252.81887,1.0912325
252.83048,0.98479459
252.84209,1.0486279
252.8537,0.9431911
252.86531,1.0429212
252.87692,0.82061976
252.88853,0.93478241
252.90014,0.96109483
252.91175,0.98918289
252.92336,0.82876892
252.93497,1.0670089
252.94658,0.86563157
252.95819,0.93730725
252.9698,0.84154563
252.98141,1.0762502
252.99302,1.299901
253.00463,1.1669513
253.01624,1.2698517
253.02785,1.0049354
253.03946,1.2097938
253.05107,0.94793035
253.06268,1.2895289
253.07429,1.2716283
253.0859,1.1023296
253.09751,0.81686678
253.10912,1.2882767
253.12073,1.0044237
253.13234,0.95212149
253.14395,1.2369235
253.15556,1.0794415
253.16717,0.91794336
253.17878,1.1510686
253.19039,1.1773381
253.202,0.85301337
253.21361,0.95326653
253.22522,1.2050351
253.23683,0.99402005
253.24844,0.83943694
253.26005,1.1846114
253.27166,0.86158784
253.28327,1.0148492
253.29488,1.1542882
253.30649,1.0011024
253.3181,0.81436634
253.32971,0.99626911
253.34132,1.0630208
253.35293,1.0407805
253.36454,0.82447339
253.37615,1.0990218
253.38776,0.62395721
253.39937,0.79758987
253.41098,1.0608621
253.42259,1.0707477
253.4342,0.74560372
253.4458,0.96778244
253.45741,0.66395851
253.46902,0.93052408
253.48063,0.9038342
253.49224,0.85466627
253.50385,0.79179191
253.51546,0.88701977
253.52707,0.74301889
253.53868,0.83949316
253.55029,0.99015352
253.5619,0.65426522
253.57351,0.71318125
253.58512,1.0018282
253.59673,0.87330371
253.60834,0.76008855
253.61995,1.3651892
253.63156,3.8325923
253.64317,3.1669472
253.65478,4.4029321
253.66639,4.1752161
253.678,4.1415718
253.68961,4.0231438
253.70122,3.7652282
253.71283,3.5697131
253.72444,3.4378149
253.73605,3.1347197
253.74766,2.7909131
253.75927,2.6738872
253.77088,2.4686526
253.78249,2.4068701
253.7941,2.6063965
253.80571,2.5077096
253.81732,2.4716706
253.82893,2.5477225
253.84054,2.4025184
253.85215,2.0264292
253.86376,2.0606842
253.87537,1.8946031
253.88698,1.8566307
253.89859,1.8392029
253.9102,1.914318
253.92181,1.868165
253.93342,1.8912844
253.94503,1.8502778
253.95664,1.7883821
253.96825,1.8412471
253.97986,1.814555
253.99147,1.8754436
254.00308,1.8594755
254.01469,1.9386514
254.0263,1.8463848
254.03791,1.7876041
254.04952,1.7613036
254.06113,1.8711614
254.07274,1.916401
254.08435,1.8238322
254.09596,1.8138746
254.10757,1.8560918
254.11918,1.8471549
254.13079,1.7881844
254.1424,1.6990877
254.15401,1.7663174
254.16562,1.6754941
254.17723,1.6709528
254.18884,1.6057364
254.20045,1.6402533
254.21206,1.535643
254.22367,1.514161
254.23528,1.586868
254.24689,1.4415039
254.2585,1.5404062
254.27011,1.5984025
254.28172,1.3669837
254.29333,1.3736623
254.30494,1.4926456
254.31655,1.2777961
254.32816,1.2676286
254.33977,1.4438936
254.35138,1.3067844
254.36299,1.2399125
254.3746,1.396165
254.38621,1.2041378
254.39782,1.1004607
254.40943,1.2977715
254.42104,1.2564774
254.43265,1.2581751
254.44426,1.4098538
254.45587,1.3691351
254.46748,1.3058597
254.47909,1.3255937
254.4907,1.3465202
254.50231,1.344326
254.51392,1.358296
254.52553,1.3514174
254.53714,1.4099337
254.54875,1.3735784
254.56036,1.3979977
254.57197,1.4920747
254.58358,1.3763805
254.59519,1.4219845
254.6068,1.5181434
254.61841,1.4585236
254.63002,1.8431277
254.64163,1.7239797
254.65324,1.3103034
254.66485,1.8393338
254.67646,1.6380706
254.68807,1.7835047
254.69968,1.6310903
254.71129,1.6953133
254.7229,1.9227014
254.73451,1.8313221
254.74612,1.9065437
254.75773,1.8025626
254.76934,1.8940798
254.78095,1.6754429
254.79256,1.6375572
254.80417,1.5150833
254.81578,1.6112085
254.82739,1.6031468
254.839,1.7144882
254.85061,1.6520245
254.86222,1.5311216
254.87383,1.4803773
254.88544,1.4962389
254.89705,1.4593644
254.90866,1.4809598
254.92027,1.6343865
254.93188,1.5246238
254.94349,1.4642667
254.9551,1.5155519
254.96671,1.4435935
254.97832,1.3292936
254.98993,1.4142119
255.00154,1.210632
255.01315,1.1961977
255.02476,1.065696
255.03637,1.1597896
255.04798,1.0479929
255.05959,1.0336377
255.0712,1.0853277
255.08281,1.0405938
255.09442,1.0502065
255.10603,1.1980432
255.11764,1.1610994
255.12925,1.3066613
255.14086,1.4365029
255.15247,1.4408742
255.16408,1.5380922
255.17569,1.668902
255.1873,1.5941218
255.19891,1.6359981
255.21052,1.7560437
255.22213,1.6970239
255.23374,1.6388879
255.24535,1.6943737
255.25696,1.6131469
255.26857,1.5789332
255.28018,1.6785636
255.29179,1.6346424
255.3034,1.5242144
255.31501,1.5861366
255.32662,1.5900977
255.33823,1.4575511
255.34984,1.4615551
255.36145,1.4898399
255.37306,1.3890331
255.38467,1.3448634
255.39628,1.3818268
255.40789,1.3485048
255.4195,1.2780283
255.43111,1.2977211
255.44272,1.2921247
255.45433,1.183898
255.46594,1.2007802
255.47755,1.2410198
255.48916,1.1898099
255.50077,1.1032281
255.51238,1.1099301
255.52399,1.1194998
255.5356,1.0858041
255.54721,1.051183
255.55882,1.0586878
255.57043,1.0883231
255.58204,1.0296795
255.59365,0.99657381
255.60526,1.0318119
255.61687,0.93228181
255.62848,1.011378
255.64009,1.05414
255.6517,1.0299128
255.66331,1.0791536
255.67492,1.1509986
255.68653,1.1332009
255.69814,1.1745164
255.70975,1.2175722
255.72136,1.2593473
255.73297,1.2460255
255.74458,1.2051823
255.75619,1.3358004
255.7678,1.2845743
255.77941,1.2324525
255.79102,1.3402909
255.80263,1.2757552
255.81424,1.2300052
255.82585,1.386795
255.83746,1.3212043
255.84907,1.2846905
255.86068,1.3580766
255.87229,1.300772
255.8839,1.1354232
255.89551,1.2871168
255.90712,1.1635252
255.91873,1.0293368
255.93034,1.2031818
255.94195,1.0619459
255.95356,1.0816153
255.96517,1.1260499
255.97678,0.90591102
255.98839,1.0145847
256,0.94591594
256.01161,0.76062899
256.02322,0.8548266
256.03483,0.77364869
256.04644,0.58490952
256.05805,0.7083733
256.06966,0.65182784
256.08127,0.46446581
256.09288,0.56535619
256.10449,0.43483852
256.1161,0.47797712
256.12771,0.44149781
256.13932,0.5240298
256.15093,0.53318638
256.16254,0.55824243
256.17415,0.62718762
256.18576,0.63335155
256.19737,0.61554774
256.20898,0.68512299
256.22059,0.66134517
256.2322,0.57897246
256.24381,0.61598005
256.25542,0.55535946
256.26703,0.53133846
256.27864,0.59113167
256.29025,0.53591363
256.30186,0.53768852
256.31347,0.52061581
256.32508,0.51976061
256.33669,0.55174822
256.3483,0.56214357
256.35991,0.53312518
256.37152,0.55541219
256.38313,0.52575728
256.39474,0.51880625
256.40635,0.51238905
256.41796,0.4822984
256.42957,0.51916581
256.44118,0.49421982
256.45279,0.47448307
256.4644,0.47382786
256.47601,0.47732633
256.48762,0.47265233
256.49923,0.46496231
256.51084,0.48198858
256.52245,0.46787914
256.53406,0.49983052
256.54567,0.49601309
256.55728,0.49865707
256.56889,0.47933247
256.5805,0.47736517
256.59211,0.47660024
256.60372,0.51602287
256.61533,0.47585163
256.62694,0.45941848
256.63855,0.49607577
256.65016,0.50285631
256.66177,0.47685666
256.67338,0.49524493
256.68499,0.48602473
256.6966,0.47375915
256.70821,0.4565489
256.71982,0.46841848
256.73143,0.45889533
256.74304,0.47864128
256.75465,0.44844771
256.76626,0.45416472
256.77787,0.45130404
256.78948,0.43654031
256.80109,0.44784327
256.8127,0.46779635
256.82431,0.48918094
256.83592,0.44615195
256.84753,0.44545812
256.85914,0.50921879
256.87075,0.48273987
256.88236,0.47181897
256.89397,0.48799189
256.90558,0.46608589
256.91719,0.46754382
256.9288,0.47648008
256.94041,0.45034234
256.95202,0.45446867
256.96363,0.43428822
256.97524,0.46161345
256.98685,0.48788294
256.99846,0.45483904
257.01007,0.4913673
257.02168,0.4613081
257.03329,0.46457211
257.0449,0.48476749
257.05651,0.46030709
257.06812,0.45128294
257.07973,0.43558166
257.09134,0.44018078
257.10295,0.43561729
257.11456,0.43890025
257.12617,0.44009927
257.13778,0.43877291
257.14939,0.44032734
257.161,0.39469931
257.17261,0.42005896
257.18422,0.40495241
257.19583,0.42337445
257.20744,0.41731098
257.21905,0.42637567
257.23066,0.43623388
257.24227,0.39530498
257.25388,0.38899529
257.26549,0.39101405
257.2771,0.36959308
257.28871,0.35111134
257.30032,0.38572287
257.31193,0.38461471
257.32354,0.36245813
257.33515,0.34207372
257.34676,0.31204108
257.35837,0.32167884
257.36998,0.33932971
257.38159,0.34450869
257.3932,0.33449195
257.40481,0.33502831
257.41642,0.32160297
257.42803,0.34394741
257.43964,0.34061321
257.45125,0.28937039
257.46286,0.29923912
257.47447,0.31717723
257.48608,0.28478557
257.49769,0.27431174
257.5093,0.2863644
257.52091,0.24894894
257.53252,0.2373563
257.54413,0.23373313
257.55574,0.255938
257.56735,0.24156021
257.57896,0.27226363
257.59057,0.24039789
257.60218,0.5055425
257.61379,1.6853516
257.6254,2.9345132
257.63701,1.8598449
257.64862,2.1247163
257.66023,2.3631375
257.67184,2.2564065
257.68345,2.3949828
257.69506,2.2025425
257.70667,2.1420422
257.71828,1.7100702
257.72989,2.0021573
257.7415,1.8185645
257.75311,1.4584235
257.76472,1.5886649
257.77633,1.3903664
257.78794,1.8359331
257.79955,1.7092801
257.81116,1.6360719
257.82277,1.9786873
257.83438,1.6604508
257.84599,1.7221305
257.8576,1.9056802
257.86921,1.4743548
257.88082,1.4200366
257.89243,1.557829
257.90404,1.3467494
257.91565,1.2928769
257.92726,1.2291537
257.93887,1.1104007
257.95048,1.3626259
257.96209,1.3795698
257.9737,1.508252
257.98531,1.5050652
257.99692,1.1197429
258.00853,1.4726333
258.02014,1.6192755
258.03175,1.3078437
258.04336,1.2181413
258.05497,1.211563
258.06658,1.0086508
258.07819,1.1360418
258.0898,1.3343466
258.10141,1.1882895
258.11302,1.1707332
258.12463,0.86266029
258.13624,1.3306088
258.14785,1.3375661
258.15946,1.3419311
258.17107,1.3450763
258.18268,1.1953214
258.19429,1.1066953
258.2059,1.3516257
258.21751,1.1811749
258.22912,0.86810554
258.24073,0.90220853
258.25234,1.0860915
258.26395,1.0988607
258.27556,1.1662528
258.28717,1.0192429
258.29878,1.1631651
258.31039,1.1496104
258.322,1.2861243
258.33361,1.297622
258.34522,0.99445084
258.35683,0.99409319
258.36844,1.1285848
258.38005,1.1883094
258.39166,0.99736874
258.40327,0.86346713
258.41488,0.82070403
258.42649,0.94002782
258.4381,1.0102261
258.44971,1.1186423
258.46132,0.96401079
258.47293,0.74898702
258.48454,1.0450534
258.49615,1.0847499
258.50776,0.87873859
258.51937,0.92869818
258.53098,0.85646287
258.54259,0.71251037
258.5542,0.89516527
258.5658,0.94287648
258.57741,0.81392722
258.58902,0.86432543
258.60063,0.81904124
258.61224,0.94099662
258.62385,0.92580859
258.63546,0.93002307
258.64707,1.4363348
258.65868,2.4932902
258.67029,2.3103244
258.6819,2.5668875
258.69351,2.5161848
258.70512,2.4617065
258.71673,2.582698
258.72834,2.8001002
258.73995,2.727464
258.75156,2.5747574
258.76317,2.5501016
258.77478,2.2574534
258.78639,2.2648499
258.798,2.0294569
258.80961,2.1851453
258.82122,2.1788666
258.83283,2.2679972
258.84444,2.3553389
258.85605,2.2273128
258.86766,2.216694
258.87927,2.075152
258.89088,1.8841368
258.90249,1.7373103
258.9141,1.9188852
258.92571,1.7398355
258.93732,1.7016659
258.94893,1.5837895
258.96054,1.6489393
258.97215,1.6204706
258.98376,1.6845453
258.99537,1.5478727
259.00698,1.4846705
259.01859,1.3400697
259.0302,1.3712506
259.04181,1.6298477
259.05342,1.4956394
259.06503,1.7430063
259.07664,1.5731283
259.08825,1.8069559
259.09986,1.6236288
259.11147,1.8112813
259.12308,1.6183054
259.13469,1.7967197
259.1463,1.5814668
259.15791,1.6460719
259.16952,1.5751075
259.18113,1.630294
259.19274,1.6991894
259.20435,1.5207324
259.21596,1.6470641
259.22757,1.4430477
259.23918,1.5133568
259.25079,1.2997204
259.2624,1.4079777
259.27401,1.0515146
259.28562,1.2858029
259.29723,0.92211371
259.30884,1.2419011
259.32045,0.96834978
259.33206,1.1479216
259.34367,0.88868453
259.35528,1.062142
259.36689,0.84418258
259.3785,1.8287492
259.39011,3.355697
259.40172,2.4264929
259.41333,3.2775997
259.42494,4.0946944
259.43655,3.5866874
259.44816,2.4155437
259.45977,4.0325206
259.47138,2.8332242
259.48299,2.6715917
259.4946,3.5181309
259.50621,1.9905628
259.51782,3.0870228
259.52943,3.5272428
259.54104,2.3648852
259.55265,3.3354672
259.56426,3.433735
259.57587,2.0646351
259.58748,3.2139949
259.59909,3.4580888
259.6107,2.2153477
259.62231,3.1700416
259.63392,2.8785523
259.64553,2.0957647
259.65714,2.8505113
259.66875,2.5615809
259.68036,2.3623578
259.69197,3.0386814
259.70358,2.3164262
259.71519,2.4230145
259.7268,2.9629574
259.73841,2.122005
259.75002,2.3812515
259.76163,3.0048545
259.77324,2.0675421
259.78485,2.4554771
259.79646,2.6405926
259.80807,1.7815021
259.81968,2.433382
259.83129,2.3488354
259.8429,1.9244888
259.85451,2.5548691
259.86612,2.070943
259.87773,1.7699197
259.88934,2.3842622
259.90095,1.992513
259.91256,1.7843257
259.92417,2.5038125
259.93578,1.8307207
259.94739,1.6688162
259.959,2.2561599
259.97061,1.6329114
259.98222,1.9261497
259.99383,2.1536362
260.00544,1.4151468
260.01705,2.0931699
260.02866,1.9908855
260.04027,1.2206739
260.05188,2.0819875
260.06349,1.9112461
260.0751,1.3502776
260.08671,2.0625312
260.09832,1.4528909
260.10993,2.711902
260.12154,3.5664733
260.13315,3.2650566
260.14476,3.2591303
260.15637,2.9886467
260.16798,2.9059425
260.17959,2.959141
260.1912,2.2677703
260.20281,2.6461085
260.21442,2.1860851
260.22603,2.6341904
260.23764,2.3462981
260.24925,2.237025
260.26086,2.7798876
260.27247,2.0627723
260.28408,2.5468977
260.29569,2.8041332
260.3073,2.2646732
260.31891,2.5491529
260.33052,2.6616097
260.34213,1.8596287
260.35374,2.5556066
260.36535,2.297013
260.37696,1.9066067
260.38857,2.4544505
260.40018,1.8460676
260.41179,2.0525004
260.4234,2.2828972
260.43501,1.7221657
260.44662,2.2937895
260.45823,2.0792203
260.46984,1.9994771
260.48145,2.335249
260.49306,2.0269089
260.50467,1.655491
260.51628,2.093021
260.52789,1.6347902
260.5395,1.5326498
260.55111,1.9774875
260.56272,1.3544815
260.57433,1.8202963
260.58594,1.7822447
260.59755,1.3398351
260.60916,1.9115583
260.62077,1.6491804
260.63238,1.6113691
260.64399,1.9716421
260.6556,1.5178821
260.66721,1.6339822
260.67882,1.7694998
260.69043,1.3643658
260.70204,1.5516803
260.71365,1.5061878
260.72526,1.5616439
260.73687,1.5569693
260.74848,1.2918709
260.76009,1.5523559
260.7717,2.7556557
260.78331,2.0600582
260.79492,2.7509917
260.80653,2.4530272
260.81814,2.6827005
260.82975,2.5333564
260.84136,2.6716997
260.85297,2.5875721
260.86458,2.5299414
260.87619,2.8405601
260.8878,2.3847019
260.89941,2.2830495
260.91102,2.3496732
260.92263,1.9885889
260.93424,2.2134049
260.94585,2.2284231
260.95746,2.4883018
260.96907,2.5282313
260.98068,2.444267
260.99229,2.2685037
261.0039,2.339883
261.01551,2.344614
261.02712,2.4088259
261.03873,2.5547532
261.05034,2.2876363
261.06195,2.3949834
261.07356,2.3070302
261.08517,2.4270647
261.09678,2.2779488
261.10839,2.235976
261.12,2.0177565
261.13161,1.894043
261.14322,1.6967234
261.15483,1.9598333
261.16644,1.663877
261.17805,1.8559294
261.18966,1.6601441
261.20127,1.7004484
261.21288,1.6456613
261.22449,1.8475901
261.2361,1.7774364
261.24771,1.6764264
261.25932,1.8157497
261.27093,1.5732678
261.28254,1.8497431
261.29415,1.6275196
261.30576,1.8704405
261.31737,1.3814029
261.32898,1.7534518
261.34059,1.3867354
261.3522,1.645609
261.36381,1.4861805
261.37542,1.6742587
261.38703,1.5491236
261.39864,1.5533529
261.41025,1.4592221
261.42186,1.495751
261.43347,1.4208054
261.44508,1.47752
261.45669,1.3633124
261.4683,1.3251733
261.47991,1.3856622
261.49152,1.4725496
261.50313,1.4262935
261.51474,1.4937494
261.52635,1.4674735
261.53796,2.4885857
261.54957,1.9529629
261.56118,2.1461816
261.57279,2.5595334
261.5844,1.9728128
261.59601,2.994424
261.60762,3.1685402
261.61923,1.7452497
261.63084,3.2742962
261.64245,2.6147111
261.65406,2.133668
261.66567,2.9493429
261.67728,2.5065507
261.68889,1.8601409
261.7005,2.6432405
261.71211,2.2937668
261.72372,2.1194832
261.73533,2.6477811
261.74694,2.3164393
261.75855,2.254918
261.77016,2.4607655
261.78177,1.9889173
261.79338,2.1817996
261.80499,2.4499616
261.8166,2.0357844
261.82821,1.9654242
261.83982,2.4646282
261.85143,2.0713846
261.86304,1.8560961
261.87465,2.4790861
261.88626,2.0541492
261.89787,1.9241179
261.90948,2.3822267
261.92109,1.8128037
261.9327,2.1018063
261.94431,2.1165601
261.95592,1.8543879
261.96753,2.2816919
261.97914,1.9660669
261.99075,1.666877
262.00236,2.1644294
262.01397,1.8926228
262.02558,1.6560135
262.03719,2.1203602
262.0488,1.8531343
262.06041,1.5458177
262.07202,1.8109016
262.08363,1.7021786
262.09524,1.7025106
262.10685,1.8634751
262.11846,1.4956451
262.13007,1.6783317
262.14168,1.7847827
262.15329,1.3662637
262.1649,1.7301284
262.17651,1.8618254
262.18812,1.4680421
262.19973,1.685219
262.21134,1.6122482
262.22295,1.1778493
262.23456,1.498029
262.24617,1.5400409
262.25778,1.2959149
262.26939,1.5798167
262.281,1.2452606
262.29261,1.3517199
262.30422,1.5320562
262.31583,1.0590261
262.32744,1.3124704
262.33905,1.5391617
262.35066,1.11634
262.36227,1.3902752
262.37388,1.3466634
262.38549,0.90916066
262.3971,1.2015127
262.40871,1.0956365
262.42032,1.0079023
262.43193,1.4483905
262.44354,2.3986274
262.45515,1.5763352
262.46676,2.0043628
262.47837,2.2739806
262.48998,2.0400229
262.50159,1.978949
262.5132,2.4108184
262.52481,2.261994
262.53642,1.6862032
262.54803,2.440214
262.55964,2.0816445
262.57125,1.6955597
262.58286,2.1237145
262.59447,1.742
262.60608,1.9480773
262.61769,1.6906464
262.6293,1.3980818
262.64091,1.6582227
262.65252,1.5227747
262.66413,1.7230147
262.67574,1.7626829
262.68735,1.4911028
262.69896,1.4542586
262.71057,1.8939845
262.72218,1.5327059
262.73379,1.4749763
262.7454,1.7863112
262.75701,1.3356815
262.76862,1.4569211
262.78023,1.6736655
262.79184,1.2678939
262.80345,1.492051
262.81506,1.3812934
262.82667,1.1305372
262.83828,1.5216302
262.84989,1.2293604
262.8615,1.2937573
262.87311,1.5582016
262.88472,1.1057239
262.89633,1.3008888
262.90794,1.5050358
262.91955,1.2180961
262.93116,1.1885892
262.94277,1.334809
262.95438,1.1915732
262.96599,1.2941816
262.9776,1.1013371
262.98921,1.0913972
263.00082,1.2221971
263.01243,1.0964761
263.02404,1.3764843
263.03565,1.1864271
263.04726,0.98077541
263.05887,1.2180185
263.07048,1.2320972
263.08209,1.1413016
263.0937,1.2027244
263.10531,1.0923736
263.11692,0.92025347
263.12853,1.138234
263.14014,1.2602291
263.15175,1.114955
263.16336,0.95325897
263.17497,0.94056439
263.18658,1.1439087
263.19819,1.1438921
263.2098,1.2379613
263.22141,1.094199
263.23302,0.92363388
263.24463,0.9335613
263.25624,1.1958451
263.26785,1.049622
263.27946,0.94005455
263.29107,0.92977755
263.30268,0.83254545
263.31429,1.026364
263.3259,1.0432416
263.33751,0.96636487
263.34912,1.0346607
263.36073,0.8739041
263.37234,1.060518
263.38395,1.0818391
263.39556,0.87111979
263.40717,0.88531829
263.41878,0.93256569
263.43039,1.0150821
263.442,0.99786649
263.45361,0.89780855
263.46522,0.86387364
263.47683,0.8809465
263.48844,0.93029645
263.50005,1.0133716
263.51166,0.90107868
263.52327,0.79624261
263.53488,0.9936748
263.54649,0.98494756
263.5581,0.88616761
263.56971,0.95294005
263.58132,0.84716014
263.59293,0.87959532
263.60454,1.6626401
263.61615,2.3847651
263.62776,1.8821005
263.63937,2.0454272
263.65098,1.976883
263.66259,2.4130616
263.6742,2.0951114
263.6858,2.1672433
263.69741,2.2906128
263.70902,2.4795819
263.72063,2.4582804
263.73224,2.314637
263.74385,2.1995796
263.75546,2.2687086
263.76707,1.9486884
263.77868,1.9776123
263.79029,1.6814811
263.8019,1.8495888
263.81351,1.6356228
263.82512,1.8088167
263.83673,1.552594
263.84834,1.5533134
263.85995,1.4690216
263.87156,1.3525621
263.88317,1.6308634
263.89478,1.4984043
263.90639,1.7073313
263.918,1.5283466
263.92961,1.6434808
263.94122,1.7201597
263.95283,1.840007
263.96444,1.9124653
263.97605,1.9238537
263.98766,1.7668338
263.99927,1.7269601
264.01088,1.4554407
264.02249,1.5806191
264.0341,1.509612
264.04571,1.5657584
264.05732,1.5198157
264.06893,1.470055
264.08054,1.6038812
264.09215,1.5546635
264.10376,1.5919952
264.11537,1.4128139
264.12698,1.6212766
264.13859,1.2949599
264.1502,1.6053179
264.16181,1.1583415
264.17342,1.4863647
264.18503,1.1327783
264.19664,1.3233471
264.20825,1.1355569
264.21986,1.255379
264.23147,1.1709687
264.24308,1.1660174
264.25469,1.190971
264.2663,1.0489644
264.27791,1.0883959
264.28952,1.0279696
264.30113,1.1412078
264.31274,1.0815553
264.32435,1.1490523
264.33596,1.0776074
264.34757,1.048556
264.35918,0.99984656
264.37079,1.0568729
264.3824,0.91755709
264.39401,1.0398145
264.40562,0.90134189
264.41723,1.0443224
264.42884,1.0401375
264.44045,1.102654
264.45206,1.0434943
264.46367,0.98167509
264.47528,0.88146729
264.48689,0.88241905
264.4985,0.81835007
264.51011,0.87433749
264.52172,0.77628655
264.53333,0.81640908
264.54494,0.75688922
264.55655,0.7549055
264.56816,0.69695922
264.57977,0.7889206
264.59138,0.72279117
264.60299,0.73826762
264.6146,0.72048114
264.62621,0.70814603
264.63782,0.67213692
264.64943,0.6945373
264.66104,0.60292862
264.67265,0.73742207
264.68426,0.57700704
264.69587,0.66058959
264.70748,0.57124069
264.71909,0.69338947
264.7307,0.60285576
264.74231,0.70105921
264.75392,0.65772958
264.76553,0.73149598
264.77714,0.72331409
264.78875,0.79784376
264.80036,0.76558064
264.81197,0.76247203
264.82358,0.71454905
264.83519,0.66819539
264.8468,0.66101759
264.85841,0.67496341
264.87002,0.70028887
264.88163,0.67412509
264.89324,0.65768724
264.90485,0.72532129
264.91646,1.2544989
264.92807,1.3216423
264.93968,2.2100946
264.95129,2.0823821
264.9629,1.9518252
264.97451,2.0444636
264.98612,1.7928199
264.99773,1.7602771
265.00934,1.7759004
265.02095,1.6415427
265.03256,1.9182626
265.04417,1.8503409
265.05578,1.6079934
265.06739,1.8217132
265.079,1.8010697
265.09061,1.8697497
265.10222,1.8771695
265.11383,1.6766411
265.12544,1.8564297
265.13705,1.7448418
265.14866,1.6993816
265.16027,1.7744211
265.17188,1.494483
265.18349,1.6416397
265.1951,1.713964
265.20671,1.5686827
265.21832,1.7551835
265.22993,1.5879435
265.24154,2.348338
265.25315,3.0756391
265.26476,2.7938055
265.27637,1.5077357
265.28798,2.6550592
265.29959,1.6703997
265.3112,2.282243
265.32281,2.2855846
265.33442,1.264875
265.34603,2.2117635
265.35764,1.3096162
265.36925,2.2676402
265.38086,1.4043084
265.39247,1.8043205
265.40408,1.7196874
265.41569,1.5962085
265.4273,2.1683444
265.43891,1.1035089
265.45052,2.042665
265.46213,1.20857
265.47374,2.1356987
265.48535,1.8456537
265.49696,1.630243
265.50857,1.859107
265.52018,1.9992983
265.53179,2.7530997
265.5434,3.2035943
265.55501,2.4007712
265.56662,3.319401
265.57823,2.325687
265.58984,2.9157061
265.60145,2.653346
265.61306,2.0961053
265.62467,2.814513
265.63628,2.0913869
265.64789,2.946895
265.6595,2.1790961
265.67111,2.6655828
265.68272,2.5041656
265.69433,2.4244772
265.70594,2.9053248
265.71755,1.9816526
265.72916,2.8028406
265.74077,2.2136812
265.75238,2.516909
265.76399,2.5020445
265.7756,2.0056309
265.78721,2.5749453
265.79882,1.8950021
265.81043,2.613517
265.82204,2.1749191
265.83365,2.3448964
265.84526,2.2347936
265.85687,1.9127569
265.86848,2.4442768
265.88009,1.5999429
265.8917,2.4706952
265.90331,1.8593398
265.91492,2.1859993
265.92653,2.1524034
265.93814,1.6355163
265.94975,2.3739686
265.96136,1.4841984
265.97297,2.2361047
265.98458,1.7976303
265.99619,1.8992125
266.0078,2.0065795
266.01941,1.537672
266.03102,2.0273718
266.04263,1.3868133
266.05424,2.1337423
266.06585,1.5134224
266.07746,1.9472267
266.08907,1.7192109
266.10068,1.4397144
266.11229,2.0459643
266.1239,1.1033966
266.13551,1.9956848
266.14712,3.0626056
266.15873,2.8271188
266.17034,1.8580564
266.18195,2.6226548
266.19356,2.6874924
266.20517,2.5067192
266.21678,2.9800709
266.22839,2.261528
266.24,2.1300982
266.25161,3.0169686
266.26322,2.4445851
266.27483,2.4627818
266.28644,2.4747154
266.29805,2.2577262
266.30966,2.123005
266.32127,2.0811541
266.33288,1.8381407
266.34449,1.698054
266.3561,1.7282627
266.36771,1.6471891
266.37932,1.5991259
266.39093,1.6588975
266.40254,1.6687414
266.41415,1.6944815
266.42576,1.8537623
266.43737,1.7619205
266.44898,2.0950011
266.46059,2.0576485
266.4722,2.2587489
266.48381,2.183282
266.49542,2.0954059
266.50703,1.9743354
266.51864,1.9469308
266.53025,1.6089014
266.54186,1.7058309
266.55347,1.2629374
266.56508,1.4816923
266.57669,1.3259838
266.5883,1.3172348
266.59991,1.5191018
266.61152,1.3954138
266.62313,1.3532773
266.63474,1.2266608
266.64635,1.2820142
266.65796,1.251481
266.66957,1.3023647
266.68118,1.3293738
266.69279,1.247433
266.7044,1.2692805
266.71601,1.1916632
266.72762,1.3075823
266.73923,1.1366959
266.75084,1.4014081
266.76245,1.0253096
266.77406,1.4212089
266.78567,1.1554485
266.79728,1.3666349
266.80889,1.2501376
266.8205,1.4087055
266.83211,1.4208793
266.84372,1.4418094
266.85533,1.2831553
266.86694,1.3160662
266.87855,1.1722514
266.89016,1.1772091
266.90177,1.0506658
266.91338,0.91248155
266.92499,1.0103624
266.9366,0.97470491
266.94821,1.0144855
266.95982,0.99938152
266.97143,0.98311725
266.98304,0.97773923
266.99465,1.0724856
267.00626,1.0317677
267.01787,1.0200992
267.02948,1.0278682
267.04109,0.99579216
267.0527,0.87603524
267.06431,0.88072478
267.07592,0.88052737
267.08753,0.83484035
267.09914,0.82119184
267.11075,0.81657086
267.12236,0.92926335
267.13397,0.88790662
267.14558,1.0323327
267.15719,0.98149148
267.1688,1.0820554
267.18041,1.0288004
267.19202,1.0969681
267.20363,1.0026727
267.21524,1.0008599
267.22685,0.92681825
267.23846,0.93750091
267.25007,0.79365142
267.26168,0.90141164
267.27329,0.7321027
267.2849,0.92100216
267.29651,0.78373397
267.30812,0.81236689
267.31973,0.75205714
267.33134,0.78949707
267.34295,0.76281522
267.35456,0.70024466
267.36617,0.64256611
267.37778,0.68864034
267.38939,0.58501485
267.401,0.63305129
267.41261,0.61987494
267.42422,0.5663766
267.43583,0.65429034
267.44744,0.6050113
267.45905,0.62984299
267.47066,0.59277092
267.48227,0.62213115
267.49388,0.63849252
267.50549,0.62391065
267.5171,0.62309741
267.52871,0.6202373
267.54032,0.63096189
267.55193,0.62685239
267.56354,0.64570313
267.57515,0.60592807
267.58676,0.6574804
267.59837,0.6562386
267.60998,0.6786812
267.62159,0.64933226
267.6332,0.66026149
267.64481,0.63029051
267.65642,0.6775013
267.66803,0.60661823
267.67964,0.65957695
267.69125,0.59269958
267.70286,0.63324591
267.71447,0.62238278
267.72608,0.65131517
267.73769,0.57022257
267.7493,0.58280748
267.76091,0.54011247
267.77252,0.58099917
267.78413,0.56338244
267.79574,0.50608506
267.80735,0.48032767
267.81896,0.48830235
267.83057,0.48228591
267.84218,0.44674542
267.85379,0.46555627
267.8654,0.46000403
267.87701,0.49683221
267.88862,0.40716384
267.90023,0.48720104
267.91184,0.45610139
267.92345,0.47102121
267.93506,0.47854206
267.94667,0.45304778
267.95828,0.45267518
267.96989,0.45606203
267.9815,0.43103022
267.99311,0.45323024
268.00472,0.45701345
268.01633,0.45811405
268.02794,0.4765372
268.03955,0.48107652
268.05116,0.45554538
268.06277,0.53104358
268.07438,0.58013375
268.08599,0.55963295
268.0976,0.5831964
268.10921,0.58551766
268.12082,0.55139512
268.13243,0.49672856
268.14404,0.46580696
268.15565,0.42924188
268.16726,0.34817869
268.17887,0.39351591
268.19048,0.36164496
268.20209,0.36124573
268.2137,0.36774886
268.22531,0.40964753
268.23692,0.45123047
268.24853,0.50026009
268.26014,0.50943909
268.27175,0.49227512
268.28336,0.4883538
268.29497,0.44887887
268.30658,0.44380393
268.31819,0.3728875
268.3298,0.37629868
268.34141,0.40117091
268.35302,0.38352864
268.36463,0.45477023
268.37624,0.43516384
268.38785,0.4432864
268.39946,0.51539245
268.41107,0.53757862
268.42268,0.54310981
268.43429,0.56196232
268.4459,0.57428663
268.45751,0.54346185
268.46912,0.52509325
268.48073,0.51101799
268.49234,0.40431437
268.50395,0.51178888
268.51556,0.40240264
268.52717,0.39068136
268.53878,0.39685499
268.55039,0.42134422
268.562,0.42080034
268.57361,0.51940691
268.58522,0.56537737
268.59683,0.54454114
268.60844,0.58461613
268.62005,0.55098643
268.63166,0.49295025
268.64327,0.82678813
268.65488,0.77518973
268.66649,0.46849405
268.6781,0.54683146
268.68971,0.45321081
268.70132,0.41315477
268.71293,0.51100243
268.72454,0.53732959
268.73615,0.60160726
268.74776,0.58590778
268.75937,0.61646101
268.77098,0.65404604
268.78259,0.6067882
268.7942,0.58202063
268.8058,0.60145315
268.81741,0.54053148
268.82902,0.58599184
268.84063,0.47351692
268.85224,0.49114226
268.86385,0.46295832
268.87546,0.43363401
268.88707,0.50500333
268.89868,0.4518127
268.91029,0.52822821
268.9219,0.50979332
268.93351,0.52444582
268.94512,0.55277641
268.95673,0.54024957
268.96834,0.49981461
268.97995,0.53347345
268.99156,0.40062661
269.00317,0.49836007
269.01478,0.48401554
269.02639,0.45992298
269.038,0.48656023
269.04961,0.51881134
269.06122,0.5073236
269.07283,0.55388834
269.08444,0.51797754
269.09605,0.52359794
269.10766,0.58125713
269.11927,0.47619423
269.13088,0.60417044
269.14249,0.54232716
269.1541,0.481731
269.16571,0.56192605
269.17732,0.47813699
269.18893,0.58648121
269.20054,0.4912182
269.21215,0.57486699
269.22376,0.58512217
269.23537,0.53606455
269.24698,0.51806439
269.25859,0.55193668
269.2702,0.51323988
269.28181,0.52933571
269.29342,0.5659588
269.30503,0.46708197
269.31664,0.57482484
269.32825,0.49550326
269.33986,0.56067616
269.35147,0.50298451
269.36308,0.53445648
269.37469,0.56945608
269.3863,0.56799243
269.39791,0.59877482
269.40952,0.55923189
269.42113,0.5734421
269.43274,0.57410888
269.44435,0.59612756
269.45596,0.49140621
269.46757,0.60386828
269.47918,0.55536332
269.49079,0.54425726
269.5024,0.64324294
269.51401,0.53076199
269.52562,0.64031234
269.53723,0.5772856
269.54884,0.6268271
269.56045,0.64632419
269.57206,0.62068537
269.58367,0.57638776
269.59528,0.62792246
269.60689,0.5869935
269.6185,0.61817213
269.63011,0.63515451
269.64172,0.55333559
269.65333,0.66053295
269.66494,0.53670937
269.67655,0.64867617
269.68816,0.60681865
269.69977,0.57528641
269.71138,0.63198454
269.72299,0.56160004
269.7346,0.61551023
269.74621,0.54991902
269.75782,0.63326708
269.76943,0.57440172
269.78104,0.63759585
269.79265,0.55529684
269.80426,0.63017839
269.81587,0.60360987
269.82748,0.62727895
269.83909,0.66228537
269.8507,0.5557749
269.86231,0.68741191
269.87392,0.56751551
269.88553,0.64559891
269.89714,0.61618139
269.90875,0.62134501
269.92036,0.64613811
269.93197,0.6522555
269.94358,0.61981541
269.95519,0.62596887
269.9668,0.65679542
269.97841,0.57066447
269.99002,0.66114819
270.00163,0.54969157
270.01324,0.64414925
270.02485,0.59949331
270.03646,0.60570316
270.04807,0.62201445
270.05968,0.56352632
270.07129,0.63530902
270.0829,0.59271646
270.09451,0.60005967
270.10612,0.53839026
270.11773,0.63213287
270.12934,0.55072516
270.14095,0.60720582
270.15256,0.59100212
270.16417,0.56914365
270.17578,0.61216174
270.18739,0.55709783
270.199,0.64837792
270.21061,0.53088672
270.22222,0.60598809
270.23383,0.54527115
270.24544,0.57398196
270.25705,0.60020555
270.26866,0.58579897
270.28027,0.58098761
270.29188,0.58857111
270.30349,0.62759727
270.3151,0.5532681
270.32671,0.62347378
270.33832,0.53854454
270.34993,0.58843743
270.36154,0.57603016
270.37315,0.58784343
270.38476,0.58110853
270.39637,0.54235004
270.40798,0.58740713
270.41959,0.52374326
270.4312,0.56168509
270.44281,0.50682792
270.45442,0.59342094
270.46603,0.5019916
270.47764,0.53589321
270.48925,0.52632193
270.50086,0.51558862
270.51247,0.56004985
270.52408,0.50754677
270.53569,0.57818516
270.5473,0.51355272
270.55891,0.55601169
270.57052,0.5178162
270.58213,0.5366542
270.59374,0.55389198
270.60535,0.52820409
270.61696,0.57234426
270.62857,0.51923123
270.64018,0.55337446
270.65179,0.49534222
270.6634,0.56160182
270.67501,0.47332227
270.68662,0.55100551
270.69823,0.49588882
270.70984,0.50856341
270.72145,0.54465359
270.73306,0.48367825
270.74467,0.53533909
270.75628,0.47293299
270.76789,0.52521113
270.7795,0.50294012
270.79111,0.49957971
270.80272,0.48032879
270.81433,0.50043368
270.82594,0.47172012
270.83755,0.47451903
270.84916,0.48146431
270.86077,0.46787665
270.87238,0.51328427
270.88399,0.44543727
270.8956,0.49272127
270.90721,0.45552279
270.91882,0.48521026
270.93043,0.45435818
270.94204,0.44307135
270.95365,0.48434078
270.96526,0.46192561
270.97687,0.47506364
270.98848,0.45094699
271.00009,0.49405813
271.0117,0.47742792
271.02331,0.47089711
271.03492,0.49188238
271.04653,0.50512383
271.05814,0.52264013
271.06975,0.45549264
271.08136,0.49108343
271.09297,0.47583183
271.10458,0.45521963
271.11619,0.45706828
271.1278,0.42903596
271.13941,0.44550241
271.15102,0.47925586
271.16263,0.45044729
271.17424,0.47910449
271.18585,0.46438338
271.19746,0.4426132
271.20907,0.45601689
271.22068,0.45608328
271.23229,0.45715695
271.2439,0.43941605
271.25551,0.45794134
271.26712,0.44722731
271.27873,0.44754967
271.29034,0.46697374
271.30195,0.44285354
271.31356,0.49463711
271.32517,0.4583353
271.33678,0.46669145
271.34839,0.50654418
271.36,0.50769218
271.37161,0.52435975
271.38322,0.46706153
271.39483,0.55578625
271.40644,0.53239211
271.41805,0.52725389
271.42966,0.60651392
271.44127,0.65285509
271.45288,0.60501781
271.46449,0.71737427
271.4761,0.6615888
271.48771,0.68471934
271.49932,0.72659426
271.51093,0.60321622
271.52254,0.60687949
271.53415,0.46500889
271.54576,0.53555211
271.55737,0.34405055
271.56898,0.49973291
271.58059,0.35536662
271.5922,0.43812049
271.60381,0.34088114
271.61542,0.33188433
271.62703,0.24496385
271.63864,0.21534978
271.65025,0.18816239
271.66186,0.21581073
271.67347,0.21819367
271.68508,0.29293097
271.69669,0.26169397
271.7083,0.30990509
271.71991,0.22035043
271.73152,0.25927162
271.74313,0.23810749
271.75474,0.23840466
271.76635,0.19363141
271.77796,0.13428824
271.78957,0.14708312
271.80118,0.1594086
271.81279,0.13293439
271.8244,0.14748228
271.83601,0.18009701
271.84762,0.16206866
271.85923,0.19291671
271.87084,0.14221936
271.88245,0.17855818
271.89406,0.17067869
271.90567,0.14854591
271.91728,0.18395141
271.92889,0.19974992
271.9405,0.13621751
271.95211,0.18451061
271.96372,0.13908653
271.97533,0.14608691
271.98694,0.16313405
271.99855,0.19431318
272.01016,0.15645388
272.02177,0.13551932
272.03338,0.16544094
272.04499,0.1839975
272.0566,0.16311648
272.06821,0.14787978
272.07982,0.16961039
272.09143,0.13597028
272.10304,0.12549567
272.11465,0.15067803
272.12626,0.14219693
272.13787,0.14475388
272.14948,0.080330171
272.16109,0.15099865
272.1727,0.096184331
272.18431,0.13650968
272.19592,0.16578603
272.20753,0.11731682
272.21914,0.14902219
272.23075,0.14277747
272.24236,0.13843557
272.25397,0.13020736
272.26558,0.13947241
272.27719,0.095753563
272.2888,0.16537787
272.30041,0.16813074
272.31202,0.10772869
272.32363,0.11313805
272.33524,0.12766453
272.34685,0.10771812
272.35846,0.086489556
272.37007,0.12779906
272.38168,0.13171265
272.39329,0.12743581
272.4049,0.096378487
272.41651,0.12058011
272.42812,0.13101696
272.43973,0.10620559
272.45134,0.093695226
272.46295,0.15810139
272.47456,0.086320252
272.48617,0.10261838
272.49778,0.15452979
272.50939,0.1275322
272.521,0.10317514
272.53261,0.11053919
272.54422,0.094032804
272.55583,0.11141895
272.56744,0.089243179
272.57905,0.089338395
272.59066,0.16009155
272.60227,0.054308291
272.61388,0.14244209
272.62549,0.060649158
272.6371,0.093545757
272.64871,0.10300952
272.66032,0.10852911
272.67193,0.075534223
272.68354,0.085717683
272.69515,0.085135178
272.70676,0.07096589
272.71837,0.05768455
272.72998,0.062373283
272.74159,0.085865522
272.7532,0.05813235
272.76481,0.054556907
272.77642,0.053599875
272.78803,0.035382574
272.79964,0.036317551
272.81125,0.02712518
272.82286,0.025373468
272.83447,0.015400005
272.84608,0.028072011
272.85769,0.016686299
272.8693,0.023990581
272.88091,0.013756551
272.89252,0.012748271
272.90413,0.011873743
272.91574,0.0052229064
272.92735,0.0073919048
272.93896,0.015044596
272.95057,0.0054669507
272.96218,0.004240207
272.97379,0.012191597
272.9854,0.011867127
272.99701,0.016200409
273.00862,0.0030126789
273.02023,0.0046287016
273.03184,0.0085171132
273.04345,0.001467102
273.05506,0.00064720877
273.06667,0.0047668047
273.07828,0.0023365646
273.08989,0.0047561417
273.1015,0.0005377281
273.11311,0.0015172702
273.12472,0.0011283359
273.13633,0.0002577101
273.14794,0.0020151536
273.15955,0.0018229389
273.17116,3.4077464e-06
273.18277,0
273.19438,0
273.20599,0
273.2176,0
273.22921,0
273.24082,0
273.25243,0
273.26404,0
273.27565,0
273.28726,0
273.29887,0
273.31048,0
273.32209,0
273.3337,0
273.34531,0
273.35692,0
273.36853,0
273.38014,0
273.39175,0
273.40336,0
273.41497,0
273.42658,0
273.43819,0
273.4498,0
273.46141,0
273.47302,0
273.48463,0
273.49624,0
273.50785,0
273.51946,0
273.53107,0
273.54268,0
273.55429,0
273.5659,0
273.57751,0
273.58912,0
273.60073,0
273.61234,0
273.62395,0
273.63556,0
273.64717,0
273.65878,0
273.67039,0
273.682,0
273.69361,0
273.70522,0
273.71683,0
273.72844,0
273.74005,0
273.75166,0
273.76327,0
273.77488,0
273.78649,0
273.7981,0
273.80971,0
273.82132,0
273.83293,0
273.84454,0
273.85615,0
273.86776,0
273.87937,0
273.89098,0
273.90259,0
273.9142,0
273.9258,0
273.93741,0
273.94902,0
273.96063,0
273.97224,0
273.98385,0
273.99546,0
274.00707,0
274.01868,0
274.03029,0
274.0419,0
274.05351,0
274.06512,0
274.07673,0
274.08834,0
274.09995,0
274.11156,0
274.12317,0
274.13478,0
274.14639,0
274.158,0
274.16961,0
274.18122,0
274.19283,0
274.20444,0
274.21605,0
274.22766,0
274.23927,0
274.25088,0
274.26249,0
274.2741,0
274.28571,0
274.29732,0
274.30893,0
274.32054,0
274.33215,0
274.34376,0
274.35537,0
274.36698,0
274.37859,0
274.3902,0
274.40181,0
274.41342,0
274.42503,0
274.43664,0
274.44825,0
274.45986,0
274.47147,0
274.48308,0
274.49469,0
274.5063,0
274.51791,0
274.52952,0
274.54113,0
274.55274,0
274.56435,0
274.57596,0
274.58757,0
274.59918,0
274.61079,0
274.6224,0
274.63401,0
274.64562,0
274.65723,0
274.66884,0
274.68045,0
274.69206,0
274.70367,0
274.71528,0
274.72689,0
274.7385,0
274.75011,0
274.76172,0
274.77333,0
274.78494,0
274.79655,0
274.80816,0
274.81977,0
274.83138,0
274.84299,0
274.8546,0
274.86621,0
274.87782,0
274.88943,0
274.90104,0
274.91265,0
274.92426,0
274.93587,0
274.94748,0
274.95909,0
274.9707,0
274.98231,0
274.99392,0
275.00553,0
275.01714,0
275.02875,0
275.04036,0
275.05197,0
275.06358,0
275.07519,0
275.0868,0
275.09841,0
275.11002,0
275.12163,0
275.13324,0
275.14485,0
275.15646,0
275.16807,0
275.17968,0
275.19129,0
275.2029,0
275.21451,0
275.22612,0
275.23773,0
275.24934,0
275.26095,0
275.27256,0
275.28417,0
275.29578,0
275.30739,0
275.319,0
275.33061,0
275.34222,0
275.35383,0
275.36544,0
275.37705,0
275.38866,0
275.40027,0
275.41188,0
275.42349,0
275.4351,0
275.44671,0
275.45832,0
275.46993,0
275.48154,0
275.49315,0
275.50476,0
275.51637,0
275.52798,0
275.53959,0
275.5512,0
275.56281,0
275.57442,0
275.58603,0
275.59764,0
275.60925,0
275.62086,0
275.63247,0
275.64408,0
275.65569,0
275.6673,0
275.67891,0
275.69052,0
275.70213,0
275.71374,0
275.72535,0
275.73696,0
275.74857,0
275.76018,0
275.77179,0
275.7834,0
275.79501,0
275.80662,0
275.81823,0
275.82984,0
275.84145,0
275.85306,0
275.86467,0
275.87628,0
275.88789,0
275.8995,0
275.91111,0
275.92272,0
275.93433,0
275.94594,0
275.95755,0
275.96916,0
275.98077,0
275.99238,0
276.00399,0
276.0156,0
276.02721,0
276.03882,0
276.05043,0
276.06204,0
276.07365,0
276.08526,0
276.09687,0
276.10848,0
276.12009,0
