0.011609977,0
0.023219955,0
0.034829932,0
0.046439909,0
0.058049887,0
0.069659864,0
0.081269841,9.4842231e-06
0.092879819,0.03877096
0.1044898,0.29267926
0.11609977,0.34200741
0.12770975,0.30907881
0.13931973,0.2980384
0.15092971,0.21690019
0.16253968,0.31201621
0.17414966,0.21953028
0.18575964,3.9429212
0.19736961,5.1917517
0.20897959,6.3825201
0.22058957,6.9163182
0.23219955,6.7694445
0.24380952,6.5812019
0.2554195,6.8048591
0.26702948,6.5873623
0.27863946,6.4923113
0.29024943,6.4821516
0.30185941,6.4845511
0.31346939,6.2530636
0.32507937,6.2639997
0.33668934,6.2749916
0.34829932,6.2373829
0.3599093,6.2473582
0.37151927,6.1965127
0.38312925,6.1557825
0.39473923,6.212349
0.40634921,6.1135749
0.41795918,6.2113588
0.42956916,5.8940559
0.44117914,5.8048513
0.45278912,5.821297
0.46439909,5.5525945
0.47600907,5.4729312
0.48761905,5.3686412
0.49922902,5.2287078
0.510839,5.0509101
0.52244898,4.7548135
0.53405896,4.5867959
0.54566893,4.7013432
0.55727891,4.4963362
0.56888889,4.3768529
0.58049887,9.6500647
0.59210884,11.480979
0.60371882,12.580757
0.6153288,13.935139
0.62693878,12.484788
0.63854875,12.628082
0.65015873,12.829725
0.66176871,12.798074
0.67337868,12.809998
0.68498866,12.628679
0.69659864,12.345313
0.70820862,11.606888
0.71981859,10.943773
0.73142857,10.519274
0.74303855,10.085248
0.75464853,9.2021033
0.7662585,9.3803998
0.77786848,9.7652087
0.78947846,9.0778459
0.80108844,8.8579674
0.81269841,8.7803934
0.82430839,8.972422
0.83591837,8.7803924
0.84752834,8.1842093
0.85913832,8.3762723
0.8707483,7.7743209
0.88235828,6.8113684
0.89396825,6.587087
0.90557823,6.7047552
0.91718821,6.0966956
0.92879819,5.8784483
0.94040816,6.4423633
0.95201814,6.2467643
0.96362812,6.2697686
0.9752381,6.3255968
0.98684807,6.353538
0.99845805,5.632325
1.010068,5.3411153
1.021678,5.2709254
1.033288,5.2519081
1.044898,4.9906253
1.0565079,5.0745922
1.0681179,5.1196456
1.0797279,4.6369269
1.0913379,4.5495945
1.1029478,4.650218
1.1145578,5.5238754
1.1261678,8.9333166
1.1377778,5.6296715
1.1493878,8.8686945
1.1609977,9.262812
1.1726077,7.5786682
1.1842177,8.9832059
1.1958277,9.8773463
1.2074376,8.1224043
1.2190476,8.0423763
1.2306576,9.4141944
1.2422676,8.4643791
1.2538776,8.4920778
1.2654875,8.8081631
1.2770975,8.7861532
1.2887075,8.0131135
1.3003175,7.1809272
1.3119274,8.5690563
1.3235374,8.0044046
1.3351474,6.8007955
1.3467574,8.0439472
1.3583673,7.9879986
1.3699773,7.1574016
1.3815873,7.593902
1.3931973,7.568127
1.4048073,7.0942945
1.4164172,6.6779171
1.4280272,7.2745408
1.4396372,7.1982929
1.4512472,6.6175476
1.4628571,7.0195823
1.4744671,7.0531659
1.4860771,6.5120348
1.4976871,6.1718152
1.5092971,6.2746759
1.520907,6.3695015
1.532517,5.5573473
1.544127,5.9087298
1.555737,6.0501587
1.5673469,5.1861835
1.5789569,5.5457031
1.5905669,5.5040278
1.6021769,4.9564824
1.6137868,5.2090256
1.6253968,5.1277785
1.6370068,5.2201588
1.6486168,4.7069763
1.6602268,4.9063957
1.6718367,4.7308934
1.6834467,3.9925472
1.6950567,4.4755039
1.7066667,4.5549262
1.7182766,4.146246
1.7298866,4.4280594
1.7414966,4.2387293
1.7531066,4.0894895
1.7647166,4.0866204
1.7763265,3.9116565
1.7879365,4.3005509
1.7995465,3.654579
1.8111565,3.8853194
1.8227664,4.1101071
1.8343764,3.3610257
1.8459864,3.4996764
1.8575964,3.4582867
1.8692063,3.388167
1.8808163,3.3642239
1.8924263,3.2698804
1.9040363,3.696823
1.9156463,3.5755972
1.9272562,15.218939
1.9388662,17.788384
1.9504762,17.711145
1.9620862,16.399623
1.9736961,15.37428
1.9853061,14.447773
1.9969161,13.868534
2.0085261,14.279996
2.0201361,13.391566
2.031746,12.509792
2.043356,11.737097
2.054966,12.203036
2.066576,11.158314
2.0781859,10.999035
2.0897959,11.716234
2.1014059,11.150796
2.1130159,11.151882
2.1246259,11.221053
2.1362358,10.680809
2.1478458,10.713162
2.1594558,9.8570507
2.1710658,9.5207682
2.1826757,9.1098158
2.1942857,8.5665011
2.2058957,8.7302833
2.2175057,8.42844
2.2291156,7.710523
2.2407256,8.1300834
2.2523356,7.7547434
2.2639456,8.1481619
2.2755556,7.3027012
2.2871655,6.800345
2.2987755,7.1082148
2.3103855,7.3904541
2.3219955,7.0690168
2.3336054,6.8652969
2.3452154,5.8616685
2.3568254,6.6596018
2.3684354,6.386274
2.3800454,6.1203778
2.3916553,6.2211282
2.4032653,5.532589
2.4148753,5.8979993
2.4264853,5.9956248
2.4380952,5.3132415
2.4497052,5.4283768
2.4613152,5.4076434
2.4729252,5.7049696
2.4845351,5.8809537
2.4961451,5.6404013
2.5077551,5.6739464
2.5193651,5.406669
2.5309751,5.7346849
2.542585,5.9876181
2.554195,5.6519538
2.565805,5.9825323
2.577415,6.0616152
2.5890249,5.9843211
2.6006349,5.9279899
2.6122449,5.3888264
2.6238549,6.2108967
2.6354649,5.6427111
2.6470748,5.3538544
2.6586848,5.980327
2.6702948,5.5340163
2.6819048,5.7296311
2.6935147,4.8749079
2.7051247,4.7569694
2.7167347,5.5332941
2.7283447,5.0796254
2.7399546,5.4630286
2.7515646,4.9661161
2.7631746,4.9116144
2.7747846,12.347938
2.7863946,12.702382
2.7980045,12.890693
2.8096145,13.78928
2.8212245,13.884159
2.8328345,13.46211
2.8444444,12.710817
2.8560544,12.425779
2.8676644,12.525503
2.8792744,12.194036
2.8908844,12.097535
2.9024943,11.430314
2.9141043,11.640311
2.9257143,11.944989
2.9373243,11.827539
2.9489342,11.428814
2.9605442,11.550647
2.9721542,11.927118
2.9837642,11.76075
2.9953741,11.75903
3.0069841,11.364753
3.0185941,11.732866
3.0302041,15.953874
3.0418141,14.046611
3.053424,14.474852
3.065034,17.417473
3.076644,17.384779
3.088254,16.054081
3.0998639,13.456236
3.1114739,11.265408
3.1230839,12.581831
3.1346939,14.138911
3.1463039,13.805253
3.1579138,11.938447
3.1695238,8.7303865
3.1811338,10.346524
3.1927438,12.514044
3.2043537,12.577406
3.2159637,11.780658
3.2275737,9.4993754
3.2391837,7.8194566
3.2507937,10.347825
3.2624036,11.459321
3.2740136,12.739611
3.2856236,15.673159
3.2972336,13.136126
3.3088435,15.259823
3.3204535,16.117341
3.3320635,11.531935
3.3436735,13.350342
3.3552834,13.964923
3.3668934,13.021909
3.3785034,14.256451
3.3901134,11.393228
3.4017234,8.9822868
3.4133333,10.803965
3.4249433,8.8307608
3.4365533,11.99985
3.4481633,10.883738
3.4597732,7.1835366
3.4713832,7.9352718
3.4829932,6.6557663
3.4946032,8.6911779
3.5062132,10.438034
3.5178231,8.6717492
3.5294331,6.3896946
3.5410431,7.4230694
3.5526531,8.3137148
3.564263,9.7678708
3.575873,8.8901235
3.587483,8.8872546
3.599093,9.6661729
3.6107029,9.7404315
3.6223129,8.9876051
3.6339229,8.6128564
3.6455329,8.3087968
3.6571429,7.0575316
3.6687528,6.9934251
3.6803628,7.7750854
3.6919728,8.5922578
3.7035828,8.6326347
3.7151927,7.5550429
3.7268027,7.44429
3.7384127,7.4479045
3.7500227,8.2127449
3.7616327,8.1593973
3.7732426,7.988609
3.7848526,7.7208523
3.7964626,7.2799204
3.8080726,7.2259385
3.8196825,7.0533508
3.8312925,7.028001
3.8429025,6.5939535
3.8545125,6.2308318
3.8661224,6.2839108
3.8777324,6.1771512
3.8893424,6.2909088
3.9009524,6.4204137
3.9125624,5.7522673
3.9241723,5.4368597
3.9357823,5.0858814
3.9473923,5.5221566
3.9590023,5.4001445
3.9706122,4.9287269
3.9822222,4.968131
3.9938322,5.1375682
4.0054422,4.9967877
4.0170522,4.7009187
4.0286621,4.8227298
4.0402721,4.676972
4.0518821,5.1051635
4.0634921,4.8838996
4.075102,4.6672339
4.086712,4.6423384
4.098322,4.5336576
4.109932,4.5609615
4.121542,4.8629198
4.1331519,4.6844725
4.1447619,4.6909138
4.1563719,4.634906
4.1679819,4.6431915
4.1795918,4.7173721
4.1912018,4.7928934
4.2028118,4.8393003
4.2144218,4.4574585
4.2260317,4.4795782
4.2376417,4.4648376
4.2492517,4.5857566
4.2608617,4.4385775
4.2724717,4.4298865
4.2840816,4.2612801
4.2956916,4.3388132
4.3073016,4.1875665
4.3189116,3.9361234
4.3305215,4.3551294
4.3421315,4.2581508
4.3537415,3.9709498
4.3653515,4.0113261
4.3769615,4.1256212
4.3885714,4.5086516
4.4001814,4.8881211
4.4117914,5.1025754
4.4234014,4.5333851
4.4350113,4.3993822
4.4466213,5.1338905
4.4582313,5.3904543
4.4698413,4.2873065
4.4814512,4.2222935
4.4930612,4.1910132
4.5046712,4.7666527
4.5162812,3.6699736
4.5278912,4.2065078
4.5395011,3.8662261
4.5511111,4.4398622
4.5627211,3.8913387
4.5743311,3.5736801
4.585941,3.6362752
4.597551,3.9652496
4.609161,3.816928
4.620771,2.943883
4.632381,3.4926367
4.6439909,3.6579095
4.6556009,3.5039066
4.6672109,3.1939051
4.6788209,3.3743937
4.6904308,2.7116447
4.7020408,3.464739
4.7136508,2.7646741
4.7252608,3.1128014
4.7368707,3.269589
4.7484807,3.2198569
4.7600907,2.686353
4.7717007,2.9866557
4.7833107,2.6772739
4.7949206,2.983602
4.8065306,3.1010604
4.8181406,2.9333872
4.8297506,2.7605314
4.8413605,3.8847673
4.8529705,4.6023913
4.8645805,4.1329636
4.8761905,3.8495561
4.8878005,3.5752499
4.8994104,4.7557206
4.9110204,3.9001757
4.9226304,3.8740336
4.9342404,3.6189353
4.9458503,4.152825
4.9574603,3.6304268
4.9690703,4.1115064
4.9806803,3.8854063
4.9922902,4.5360651
5.0039002,3.6979911
5.0155102,4.2341116
5.0271202,4.0409081
5.0387302,4.2996607
5.0503401,3.8491985
5.0619501,3.8568794
5.0735601,3.2984357
5.0851701,4.0228016
5.09678,3.2156971
5.10839,3.6550966
5.12,3.5319917
5.13161,3.367786
5.14322,3.2869792
5.1548299,3.3271514
5.1664399,3.3705051
5.1780499,3.1934562
5.1896599,3.2804882
5.2012698,2.9264891
5.2128798,3.2491549
5.2244898,2.7896349
5.2360998,3.176479
5.2477098,2.8843172
5.2593197,3.240791
5.2709297,2.8481881
5.2825397,3.0386215
5.2941497,2.6634399
5.3057596,3.038875
5.3173696,2.5926387
5.3289796,2.9238986
5.3405896,2.4185336
5.3521995,2.944207
5.3638095,2.6897227
5.3754195,3.1080265
5.3870295,11.134248
5.3986395,14.686401
5.4102494,12.823148
5.4218594,13.552696
5.4334694,13.619218
5.4450794,13.686959
5.4566893,13.138887
5.4682993,13.317458
5.4799093,13.228505
5.4915193,12.735705
5.5031293,12.761462
5.5147392,12.728836
5.5263492,12.145635
5.5379592,12.742764
5.5495692,12.592166
5.5611791,12.024918
5.5727891,12.4463
5.5843991,12.55944
5.5960091,12.209048
5.607619,12.419231
5.619229,12.001858
5.630839,12.046225
5.642449,11.745371
5.654059,10.873485
5.6656689,10.762416
5.6772789,10.378752
5.6888889,10.222857
5.7004989,10.159749
5.7121088,10.068428
5.7237188,9.9479943
5.7353288,10.289467
5.7469388,9.7729399
5.7585488,9.1252959
5.7701587,9.372596
5.7817687,9.295473
5.7933787,8.9102308
5.8049887,8.5903786
5.8165986,8.1817338
5.8282086,8.3431787
5.8398186,8.5048226
5.8514286,8.2868228
5.8630385,8.0351821
5.8746485,7.9530324
5.8862585,7.5572288
5.8978685,7.5128207
5.9094785,7.2381541
5.9210884,7.1531774
5.9326984,7.5616271
5.9443084,7.5626888
5.9559184,8.9145033
5.9675283,8.7036901
5.9791383,9.1580142
5.9907483,8.3231434
6.0023583,8.3623859
6.0139683,8.233297
6.0255782,8.2431018
6.0371882,7.7274177
6.0487982,8.4762416
6.0604082,7.5141385
6.0720181,8.0594581
6.0836281,7.0687613
6.0952381,9.9472787
6.1068481,14.583291
6.118458,11.50501
6.130068,13.472259
6.141678,14.079933
6.153288,11.730961
6.164898,14.381677
6.1765079,11.516293
6.1881179,13.789366
6.1997279,11.699499
6.2113379,12.319727
6.2229478,12.351316
6.2345578,10.186726
6.2461678,12.33293
6.2577778,9.589286
6.2693878,11.351826
6.2809977,10.429373
6.2926077,10.071223
6.3042177,10.980181
6.3158277,9.1934965
6.3274376,10.780011
6.3390476,16.165457
6.3506576,13.247039
6.3622676,14.663472
6.3738776,16.320533
6.3854875,12.796668
6.3970975,15.955669
6.4087075,9.8119485
6.4203175,16.508655
6.4319274,10.835952
6.4435374,14.560808
6.4551474,11.348494
6.4667574,12.994965
6.4783673,15.204988
6.4899773,10.723432
6.5015873,14.652502
6.5131973,9.1684337
6.5248073,22.684145
6.5364172,22.394122
6.5480272,18.890093
6.5596372,19.22642
6.5712472,20.271817
6.5828571,22.508196
6.5944671,18.016397
6.6060771,15.778798
6.6176871,14.818351
6.6292971,16.079528
6.640907,17.83105
6.652517,16.212932
6.664127,15.543721
6.675737,13.319095
6.6873469,13.734883
6.6989569,14.645958
6.7105669,16.375908
6.7221769,16.045717
6.7337868,12.017623
6.7453968,10.900848
6.7570068,11.587361
6.7686168,14.705766
6.7802268,12.642146
6.7918367,15.107901
6.8034467,11.40677
6.8150567,14.858912
6.8266667,14.042626
6.8382766,14.384158
6.8498866,13.543313
6.8614966,13.111165
6.8731066,13.14582
6.8847166,11.848275
6.8963265,12.034363
6.9079365,10.645392
6.9195465,11.446683
6.9311565,11.723438
6.9427664,10.246576
6.9543764,11.110946
6.9659864,9.8227352
6.9775964,10.698727
6.9892063,9.5551595
7.0008163,10.019839
7.0124263,11.079077
7.0240363,10.027465
7.0356463,11.002794
7.0472562,9.8630702
7.0588662,10.61984
7.0704762,9.6833124
7.0820862,9.5842809
7.0936961,9.69868
7.1053061,8.4660444
7.1169161,9.6678789
7.1285261,7.7173995
7.1401361,9.1871271
7.151746,7.6810333
7.163356,8.4862115
7.174966,8.6075771
7.186576,7.8354429
7.1981859,8.6216387
7.2097959,7.0029561
7.2214059,8.6351318
7.2330159,6.9777065
7.2446259,7.7450878
7.2562358,7.1441972
7.2678458,7.2457254
7.2794558,7.1869523
7.2910658,6.2984168
7.3026757,6.9521624
7.3142857,5.8313916
7.3258957,7.0215449
7.3375057,6.1501889
7.3491156,6.602684
7.3607256,7.4859681
7.3723356,8.3180114
7.3839456,9.6392966
7.3955556,9.3984903
7.4071655,8.6563282
7.4187755,9.6578751
7.4303855,8.3845648
7.4419955,9.5538234
7.4536054,8.2991967
7.4652154,7.9806952
7.4768254,8.686171
7.4884354,7.5070832
7.5000454,8.1803795
7.5116553,8.7324351
7.5232653,6.7788932
7.5348753,8.4206553
7.5464853,7.0774281
7.5580952,7.4734981
7.5697052,8.5876991
7.5813152,5.7991893
7.5929252,7.9563852
7.6045351,6.7434332
7.6161451,6.2898145
7.6277551,7.976619
7.6393651,5.5830953
7.6509751,7.0555167
7.662585,6.421606
7.674195,5.4092722
7.685805,6.819056
7.697415,5.7278453
7.7090249,5.6592286
7.7206349,6.1643906
7.7322449,4.8960164
7.7438549,6.1789334
7.7554649,5.3627028
7.7670748,4.6892094
7.7786848,6.1223788
7.7902948,5.0635057
7.8019048,8.8027008
7.8135147,9.0480557
7.8251247,7.520519
7.8367347,11.193234
7.8483447,8.8934692
7.8599546,9.7591601
7.8715646,9.5775024
7.8831746,8.761488
7.8947846,9.8722166
7.9063946,8.8792094
7.9180045,9.4726264
7.9296145,8.9852125
7.9412245,8.7802514
7.9528345,9.1573885
7.9644444,8.0067216
7.9760544,8.182671
7.9876644,8.157211
7.9992744,7.0789335
8.0108844,7.3851754
8.0224943,6.6545513
8.0341043,7.1546674
8.0457143,6.8730882
8.0573243,6.2182519
8.0689342,6.6788241
8.0805442,6.3319719
8.0921542,5.9371408
8.1037642,6.7012894
8.1153741,5.529916
8.1269841,5.9942872
8.1385941,5.623525
8.1502041,5.2479672
8.1618141,5.9074373
8.173424,5.5455812
8.185034,5.4264204
8.196644,5.2143122
8.208254,5.2501427
8.2198639,5.6719423
8.2314739,5.1329397
8.2430839,5.2055912
8.2546939,5.5120351
8.2663039,5.0108283
8.2779138,4.8316194
8.2895238,5.1678343
8.3011338,4.7882395
8.3127438,4.6250843
8.3243537,4.6734386
8.3359637,4.8016402
8.3475737,6.5307501
8.3591837,16.3278
8.3707937,20.901439
8.3824036,20.433419
8.3940136,20.133793
8.4056236,20.808811
8.4172336,19.341612
8.4288435,19.343312
8.4404535,19.381038
8.4520635,18.946143
8.4636735,19.677167
8.4752834,18.448241
8.4868934,18.261371
8.4985034,17.601414
8.5101134,16.748094
8.5217234,16.159902
8.5333333,15.1218
8.5449433,14.920309
8.5565533,14.647859
8.5681633,14.444655
8.5797732,14.640078
8.5913832,15.003317
8.6029932,13.961321
8.6146032,13.470072
8.6262132,13.644796
8.6378231,13.243662
8.6494331,12.058688
8.6610431,10.389795
8.6726531,10.113739
8.684263,10.050831
8.695873,10.551866
8.707483,9.7932587
8.719093,9.7925131
8.7307029,9.3787123
8.7423129,9.1611553
8.7539229,9.1859525
8.7655329,9.0481611
8.7771429,8.7112777
8.7887528,8.4554912
8.8003628,7.6976611
8.8119728,7.774752
8.8235828,8.0286885
8.8351927,8.0905042
8.8468027,8.9166102
8.8584127,9.0564901
8.8700227,9.0424794
8.8816327,9.2370753
8.8932426,8.8288368
8.9048526,8.2661204
8.9164626,8.0502001
8.9280726,7.8967835
8.9396825,7.2823587
8.9512925,7.2009161
8.9629025,7.1455237
8.9745125,7.191757
8.9861224,7.353742
8.9977324,7.5795307
9.0093424,7.7138771
9.0209524,7.8209012
9.0325624,8.6349746
9.0441723,7.8103317
9.0557823,8.6574587
9.0673923,9.8588081
9.0790023,9.1087137
9.0906122,9.3443331
9.1022222,9.5216679
9.1138322,9.4191681
9.1254422,9.3924877
9.1370522,9.0087277
9.1486621,8.9557196
9.1602721,8.9176185
9.1718821,8.8640131
9.1834921,8.8258931
9.195102,8.1899219
9.206712,8.3164523
9.218322,8.2434122
9.229932,12.341091
9.241542,13.423998
9.2531519,15.975346
9.2647619,17.00249
9.2763719,14.507066
9.2879819,15.860295
9.2995918,12.579614
9.3112018,13.347517
9.3228118,13.005209
9.3344218,10.623418
9.3460317,11.070342
9.3576417,10.020043
9.3692517,10.034183
9.3808617,10.869787
9.3924717,10.621786
9.4040816,11.182127
9.4156916,9.9080865
9.4273016,8.67093
9.4389116,9.7551087
9.4505215,9.0606017
9.4621315,12.939773
9.4737415,21.025021
9.4853515,18.610249
9.4969615,18.292981
9.5085714,21.085837
9.5201814,16.296677
9.5317914,20.037063
9.5434014,16.321866
9.5550113,17.281342
9.5666213,18.67946
9.5782313,14.259129
9.5898413,16.735323
9.6014512,15.440886
9.6130612,14.779171
9.6246712,15.098515
9.6362812,13.008404
9.6478912,18.259596
9.6595011,9.7228601
9.6711111,18.267873
9.6827211,11.263616
9.6943311,18.95207
9.705941,12.499506
9.717551,16.979973
9.729161,14.574954
9.740771,14.723928
9.752381,15.691983
9.7639909,9.7125272
9.7756009,14.120157
9.7872109,7.5585822
9.7988209,14.563415
9.8104308,7.0624665
9.8220408,12.698859
9.8336508,7.7576289
9.8452608,11.009215
9.8568707,8.8621433
9.8684807,11.151604
9.8800907,12.095789
9.8917007,15.375015
9.9033107,13.69224
9.9149206,14.839189
9.9265306,13.963097
9.9381406,14.192694
9.9497506,14.109413
9.9613605,13.784799
9.9729705,13.212117
9.9845805,12.591041
9.9961905,12.761071
10.0078,12.556432
10.01941,12.152895
10.03102,12.202929
10.04263,11.941481
10.05424,12.128641
10.06585,12.618568
10.07746,12.543925
10.08907,12.138601
10.10068,11.840544
10.11229,12.018159
10.1239,12.123035
10.13551,11.617123
10.14712,11.386005
10.15873,10.647427
10.17034,10.749372
10.18195,10.709949
10.19356,10.108973
10.20517,10.021722
10.21678,9.9841152
10.22839,10.237513
10.24,9.8160702
10.25161,8.9808861
10.26322,8.5636718
10.27483,8.5635625
10.28644,8.9518092
10.29805,8.5957301
10.30966,8.1451625
10.32127,7.8499543
10.33288,7.871384
10.34449,8.022715
10.3561,8.3168044
10.36771,8.0567334
10.37932,7.9485947
10.39093,7.4153545
10.40254,7.0848649
10.41415,7.1975344
10.42576,7.4384297
10.43737,7.8064869
10.44898,7.2687928
10.46059,8.0709005
10.4722,8.0482474
10.48381,7.8051094
10.49542,7.4537916
10.507029,7.0226201
10.518639,7.2205633
10.530249,7.3243334
10.541859,7.5290941
10.553469,7.2977719
10.565079,7.3538088
10.576689,7.1785983
10.588299,6.8971824
10.599909,6.815885
10.611519,6.4391412
10.623129,6.4419393
10.634739,6.5489728
10.646349,8.7485821
10.657959,8.2217087
10.669569,10.505098
10.681179,8.083824
10.692789,10.709025
10.704399,9.3814309
10.716009,10.098636
10.727619,9.9460718
10.739229,8.7720186
10.750839,9.87128
10.762449,7.2479781
10.774059,9.4911567
10.785669,7.783251
10.797279,8.3348423
10.808889,8.0949505
10.820499,7.6278918
10.832109,8.7948058
10.843719,7.0402309
10.855329,8.8844607
10.866939,7.0102366
10.878549,8.4096787
10.890159,8.5180689
10.901769,7.6667491
10.913379,9.9404732
10.924989,9.3905207
10.936599,10.475953
10.948209,8.9142313
10.959819,8.2214798
10.971429,7.5014515
10.983039,6.8976491
10.994649,6.4785024
11.006259,7.2733469
11.017868,7.0864117
11.029478,7.0315532
11.041088,7.8988908
11.052698,8.4771842
11.064308,7.703309
11.075918,7.6571027
11.087528,7.1004491
11.099138,7.6266832
11.110748,7.0796845
11.122358,7.0456702
11.133968,6.6137038
11.145578,5.8494347
11.157188,5.6807799
11.168798,5.6367974
11.180408,5.6006631
11.192018,5.5946156
11.203628,4.9331902
11.215238,5.3226513
11.226848,4.8209992
11.238458,4.8433388
11.250068,4.9257239
11.261678,4.9910424
11.273288,4.4448251
11.284898,4.4889268
11.296508,3.9686032
11.308118,4.0116907
11.319728,3.6469676
11.331338,3.4134175
11.342948,2.890147
11.354558,3.319338
11.366168,3.4703534
11.377778,4.3819787
11.389388,4.0453748
11.400998,4.3739081
11.412608,4.3174691
11.424218,5.6442941
11.435828,8.6384922
11.447438,10.466577
11.459048,10.019903
11.470658,10.155558
11.482268,9.9499956
11.493878,9.6538261
11.505488,9.50118
11.517098,9.4140796
11.528707,9.1459503
11.540317,9.5986704
11.551927,9.226972
11.563537,9.0257255
11.575147,8.559144
11.586757,8.2350629
11.598367,8.316553
11.609977,7.9217081
11.621587,7.6999994
11.633197,7.5140734
11.644807,7.3347748
11.656417,7.8161654
11.668027,7.7727067
11.679637,7.1960068
11.691247,7.2473248
11.702857,7.2662957
11.714467,7.0766647
11.726077,6.4835695
11.737687,6.0518383
11.749297,6.0209031
11.760907,5.9954852
11.772517,5.8711816
11.784127,5.6633569
11.795737,5.3161146
11.807347,4.96982
11.818957,4.5404976
11.830567,4.3995445
11.842177,4.216256
11.853787,4.1873936
11.865397,4.0864327
11.877007,4.0577743
11.888617,4.2362293
11.900227,4.4671982
11.911837,4.5985443
11.923447,4.7085264
11.935057,4.6318893
11.946667,4.4119978
11.958277,4.3491347
11.969887,3.9400039
11.981497,3.8955323
11.993107,3.7468252
12.004717,3.8049804
12.016327,3.6393269
12.027937,3.7643041
12.039546,3.753239
12.051156,3.860543
12.062766,3.7377863
12.074376,3.7439455
12.085986,3.8714285
12.097596,3.7636333
12.109206,3.5091343
12.120816,4.1129592
12.132426,3.3555834
12.144036,4.0750044
12.155646,3.4076409
12.167256,3.6889544
12.178866,3.3148499
12.190476,3.2678124
12.202086,3.6281392
12.213696,3.276344
12.225306,3.4502892
12.236916,3.0780627
12.248526,3.7768699
12.260136,2.9907691
12.271746,3.3176582
12.283356,2.9804145
12.294966,3.462588
12.306576,2.8451299
12.318186,3.1545269
12.329796,2.8982275
12.341406,2.9835621
12.353016,2.918199
12.364626,5.3894998
12.376236,4.6232474
12.387846,4.4290497
12.399456,4.2119595
12.411066,4.9624382
12.422676,4.7574447
12.434286,4.6929512
12.445896,4.5201357
12.457506,4.7625912
12.469116,4.2814848
12.480726,4.6959355
12.492336,5.1918751
12.503946,5.0409581
12.515556,4.5241159
12.527166,4.5615637
12.538776,4.7141872
12.550385,4.8139497
12.561995,4.7504195
12.573605,4.8477442
12.585215,4.8554814
12.596825,4.5856067
12.608435,4.2533693
12.620045,4.3646393
12.631655,4.8141388
12.643265,4.8588373
12.654875,5.0307747
12.666485,5.5710465
12.678095,6.0196052
12.689705,6.4061186
12.701315,6.7763706
12.712925,7.1001203
12.724535,6.2086212
12.736145,6.3186566
12.747755,6.0968759
12.759365,5.6404614
12.770975,5.7526308
12.782585,5.0954828
12.794195,5.3394938
12.805805,5.4118711
12.817415,5.2064656
12.829025,5.1761389
12.840635,8.0590866
12.852245,8.2225128
12.863855,8.1120884
12.875465,8.9153871
12.887075,7.0027781
12.898685,10.001091
12.910295,5.9501301
12.921905,9.3259973
12.933515,6.5666428
12.945125,8.3908434
12.956735,7.147119
12.968345,7.5596831
12.979955,7.9778217
12.991565,6.4120211
13.003175,8.796261
13.014785,5.7057058
13.026395,8.1547588
13.038005,7.0523714
13.049615,7.5414804
13.061224,12.106397
13.072834,9.6635049
13.084444,8.3012141
13.096054,9.286593
13.107664,10.520633
13.119274,10.328704
13.130884,9.1850495
13.142494,8.6726901
13.154104,7.8905304
13.165714,7.8636791
13.177324,7.6832183
13.188934,7.9821601
13.200544,7.6636602
13.212154,6.825126
13.223764,6.9343668
13.235374,7.2816159
13.246984,7.9969892
13.258594,7.1619364
13.270204,6.3652904
13.281814,6.5390396
13.293424,6.376695
13.305034,6.0618363
13.316644,5.0257771
13.328254,5.0595538
13.339864,5.5620076
13.351474,4.9423845
13.363084,4.5982304
13.374694,4.6001559
13.386304,4.7037271
13.397914,4.9804675
13.409524,4.1059106
13.421134,4.3754597
13.432744,4.8533201
13.444354,4.9573846
13.455964,3.9810384
13.467574,3.6931109
13.479184,3.9754664
13.490794,5.0584904
13.502404,4.0468755
13.514014,3.2238251
13.525624,3.2657628
13.537234,4.1756884
13.548844,4.6322505
13.560454,4.5455379
13.572063,4.5618973
13.583673,5.320344
13.595283,4.909926
13.606893,4.886658
13.618503,5.6538778
13.630113,4.7520054
13.641723,4.6374602
13.653333,4.4553865
13.664943,4.9548436
13.676553,4.5077447
13.688163,5.1278745
13.699773,4.4589251
13.711383,5.0778417
13.722993,5.0736764
13.734603,4.5082987
13.746213,4.1715268
13.757823,4.5683288
13.769433,4.3333999
13.781043,4.666663
13.792653,5.9503741
13.804263,8.5152811
13.815873,8.2483246
13.827483,9.6308397
13.839093,8.8403995
13.850703,9.2701758
13.862313,9.3902082
13.873923,8.2884698
13.885533,9.3178022
13.897143,9.6633588
13.908753,7.7111558
13.920363,8.6765075
13.931973,8.6846581
13.943583,7.045921
13.955193,7.2191674
13.966803,6.3713342
13.978413,6.6967233
13.990023,6.8781026
14.001633,5.7667954
14.013243,6.9597387
14.024853,6.4150455
14.036463,5.7236911
14.048073,6.8142523
14.059683,5.7476801
14.071293,5.8949502
14.082902,5.8641249
14.094512,4.3354209
14.106122,5.5549855
14.117732,6.4222886
14.129342,5.1425282
14.140952,7.0435319
14.152562,7.948104
14.164172,5.7228449
14.175782,7.3162463
14.187392,7.7675669
14.199002,6.7423376
14.210612,7.2791638
14.222222,7.8052345
14.233832,8.3308994
14.245442,8.1414476
14.257052,7.0730621
14.268662,7.9133908
14.280272,7.4424657
14.291882,6.461845
14.303492,6.4665914
14.315102,7.2350988
14.326712,6.3582306
14.338322,6.2672592
14.349932,6.8698082
14.361542,6.8192795
14.373152,6.0215732
14.384762,6.3472714
14.396372,6.3568902
14.407982,5.448069
14.419592,5.7936674
14.431202,6.1618376
14.442812,5.8874539
14.454422,5.6432993
14.466032,5.9768428
14.477642,5.9751972
14.489252,5.1137307
14.500862,5.334152
14.512472,5.694215
14.524082,4.6527042
14.535692,5.3383183
14.547302,5.4084221
14.558912,4.4889017
14.570522,4.6597249
14.582132,4.7105595
14.593741,4.6698308
14.605351,3.9860722
14.616961,4.5115218
14.628571,4.5812192
14.640181,3.5332855
14.651791,4.0160331
14.663401,3.932493
14.675011,3.3358739
14.686621,3.2680023
14.698231,3.2236312
14.709841,3.3883789
14.721451,3.4541902
14.733061,3.1351195
14.744671,3.3987079
14.756281,3.1437373
14.767891,14.386377
14.779501,17.894266
14.791111,17.720476
14.802721,16.510371
14.814331,15.168154
14.825941,14.605909
14.837551,13.690118
14.849161,14.158425
14.860771,13.42328
14.872381,12.03545
14.883991,11.203584
14.895601,11.233342
14.907211,11.134994
14.918821,11.110498
14.930431,11.369283
14.942041,11.463437
14.953651,11.478963
14.965261,11.19292
14.976871,11.028885
14.988481,10.380525
15.000091,9.6658061
15.011701,8.9509615
15.023311,8.6845621
15.034921,8.3883627
15.046531,7.814717
15.058141,7.9875643
15.069751,7.4922337
15.081361,7.5175139
15.092971,7.6691157
15.10458,7.2616415
15.11619,6.9079899
15.1278,6.9598082
15.13941,6.3989432
15.15102,7.4017511
15.16263,6.8144575
15.17424,6.5072667
15.18585,6.3443726
15.19746,5.9707878
15.20907,6.2795981
15.22068,6.0383689
15.23229,5.6326631
15.2439,6.0056476
15.25551,5.7311216
15.26712,5.6363811
15.27873,5.4420677
15.29034,4.9903497
15.30195,5.5507768
15.31356,5.9534138
15.32517,6.1052912
15.33678,5.9305596
15.34839,5.757678
15.36,5.7748563
15.37161,5.6598091
15.38322,6.0135775
15.39483,5.368096
15.40644,5.9101061
15.41805,6.1337028
15.42966,5.4102811
15.44127,5.9858206
15.45288,5.4021852
15.46449,6.0235234
15.4761,6.0233665
15.48771,4.6850129
15.49932,11.31671
15.51093,13.457518
15.52254,13.362998
15.53415,12.983749
15.54576,12.483206
15.55737,11.785817
15.56898,12.05273
15.58059,13.089542
15.5922,12.708485
15.60381,11.53703
15.61542,10.784592
15.627029,10.565131
15.638639,11.260073
15.650249,11.552289
15.661859,11.713997
15.673469,10.515694
15.685079,10.146777
15.696689,11.049398
15.708299,11.092287
15.719909,11.348244
15.731519,10.543786
15.743129,15.924203
15.754739,19.223809
15.766349,16.26998
15.777959,13.440108
15.789569,14.066965
15.801179,15.416681
15.812789,16.222187
15.824399,15.272386
15.836009,12.266854
15.847619,10.682472
15.859229,12.607538
15.870839,14.216965
15.882449,13.76129
15.894059,11.320419
15.905669,8.9504307
15.917279,10.682986
15.928889,13.081358
15.940499,17.170997
15.952109,16.923405
15.963719,12.511963
15.975329,16.121887
15.986939,12.754631
15.998549,14.534194
16.010159,17.177518
16.021769,13.826432
16.033379,14.106864
16.044989,15.136756
16.056599,9.6050953
16.068209,13.201585
16.079819,12.638013
16.091429,9.5370326
16.103039,11.969251
16.114649,9.1610078
16.126259,9.7773221
16.137868,10.360519
16.149478,6.6444373
16.161088,8.9681058
16.172698,9.4037146
16.184308,8.2863263
16.195918,11.370021
16.207528,9.9934022
16.219138,8.9742202
16.230748,8.5680412
16.242358,9.7777263
16.253968,8.8990048
16.265578,7.8870265
16.277188,8.5491777
16.288798,7.949038
16.300408,8.0269256
16.312018,8.5715924
16.323628,8.4278353
16.335238,7.8292812
16.346848,7.4539524
16.358458,7.9421624
16.370068,8.3411657
16.381678,9.0123374
16.393288,9.0906128
16.404898,8.8199927
16.416508,8.5683337
16.428118,8.3158953
16.439728,8.2543353
16.451338,7.9236125
16.462948,7.8933967
16.474558,8.4810073
16.486168,8.0801756
16.497778,7.1755514
16.509388,6.5392927
16.520998,6.2238384
16.532608,7.5423691
16.544218,7.6244925
16.555828,6.7523105
16.567438,6.3625174
16.579048,5.9727202
16.590658,5.3672463
16.602268,5.6820321
16.613878,6.4350563
16.625488,6.1218213
16.637098,5.6375059
16.648707,5.0699079
16.660317,4.897107
16.671927,5.7312045
16.683537,5.3829886
16.695147,5.5092968
16.706757,5.6135174
16.718367,4.9233883
16.729977,4.7522494
16.741587,5.4124759
16.753197,7.7505135
16.764807,7.8584659
16.776417,8.0913847
16.788027,5.9666656
16.799637,9.2609998
16.811247,7.8239477
16.822857,7.7250782
16.834467,6.0916876
16.846077,7.7753811
16.857687,7.2266235
16.869297,5.4737499
16.880907,6.4042336
16.892517,6.3774274
16.904127,7.3150736
16.915737,5.3037637
16.927347,7.014287
16.938957,5.0824837
16.950567,7.2521599
16.962177,5.0692722
16.973787,6.8597492
16.985397,5.5725221
16.997007,6.5892174
17.008617,5.2427521
17.020227,6.0158767
17.031837,5.9118634
17.043447,5.1811438
17.055057,5.752138
17.066667,5.6925335
17.078277,6.1596659
17.089887,4.6710843
17.101497,6.1108887
17.113107,4.6509675
17.124717,5.6329698
17.136327,4.9106722
17.147937,5.653271
17.159546,6.4143464
17.171156,6.3054704
17.182766,6.280234
17.194376,6.0560909
17.205986,6.8559777
17.217596,5.7534581
17.229206,6.5227469
17.240816,6.3555902
17.252426,5.7257297
17.264036,5.6107335
17.275646,5.9084487
17.287256,6.5855837
17.298866,6.5488803
17.310476,6.1172765
17.322086,6.6703623
17.333696,6.6408185
17.345306,6.6885641
17.356916,6.2363763
17.368526,5.7570916
17.380136,6.0829884
17.391746,5.5813254
17.403356,6.0635992
17.414966,5.7761636
17.426576,5.9977255
17.438186,5.4041295
17.449796,6.0662313
17.461406,4.8566768
17.473016,5.8015011
17.484626,4.7651316
17.496236,5.7130874
17.507846,4.8005918
17.519456,5.1023199
17.531066,4.5939106
17.542676,5.3174609
17.554286,13.605372
17.565896,17.288164
17.577506,15.389565
17.589116,16.19729
17.600726,16.773109
17.612336,16.944565
17.623946,16.39422
17.635556,16.32787
17.647166,15.277372
17.658776,14.101745
17.670385,14.510938
17.681995,13.726556
17.693605,13.604678
17.705215,14.330365
17.716825,13.804064
17.728435,13.560694
17.740045,13.475428
17.751655,14.126747
17.763265,13.88205
17.774875,13.807808
17.786485,13.023518
17.798095,13.214133
17.809705,13.111881
17.821315,12.429954
17.832925,11.959003
17.844535,11.820296
17.856145,11.485629
17.867755,11.075454
17.879365,11.032762
17.890975,10.707672
17.902585,11.029497
17.914195,11.003647
17.925805,9.7745409
17.937415,9.8851593
17.949025,9.916083
17.960635,9.7048679
17.972245,9.4197896
17.983855,8.7211663
17.995465,8.985854
18.007075,8.9416161
18.018685,9.2531882
18.030295,9.1588908
18.041905,9.0084023
18.053515,8.8524284
18.065125,8.852163
18.076735,11.147033
18.088345,11.12955
18.099955,10.64795
18.111565,10.676317
18.123175,10.387326
18.134785,11.665424
18.146395,10.068576
18.158005,10.222728
18.169615,9.7309324
18.181224,9.6477913
18.192834,9.8222628
18.204444,9.8309161
18.216054,9.6580252
18.227664,8.0949409
18.239274,9.6750625
18.250884,13.727059
18.262494,15.137433
18.274104,12.439542
18.285714,15.366383
18.297324,11.890537
18.308934,14.958077
18.320544,13.225536
18.332154,14.196785
18.343764,14.415384
18.355374,12.426969
18.366984,14.492825
18.378594,12.533633
18.390204,12.871504
18.401814,12.677602
18.413424,11.400568
18.425034,12.899914
18.436644,10.70089
18.448254,17.858758
18.459864,12.613886
18.471474,19.712628
18.483084,15.995369
18.494694,17.956088
18.506304,17.594156
18.517914,14.374631
18.529524,19.305772
18.541134,12.300568
18.552744,16.692374
18.564354,11.636986
18.575964,16.71015
18.587574,14.319426
18.599184,15.058384
18.610794,15.672104
18.622404,21.083559
18.634014,28.063939
18.645624,25.718472
18.657234,22.812412
18.668844,18.541808
18.680454,19.750339
18.692063,21.496962
18.703673,21.355973
18.715283,21.240794
18.726893,15.599904
18.738503,14.509845
18.750113,15.173535
18.761723,18.449162
18.773333,19.243555
18.784943,15.530576
18.796553,13.456322
18.808163,14.81089
18.819773,18.276913
18.831383,20.973504
18.842993,16.74844
18.854603,16.157754
18.866213,15.089332
18.877823,18.184854
18.889433,17.049922
18.901043,15.960038
18.912653,16.917023
18.924263,12.917679
18.935873,14.815448
18.947483,13.069411
18.959093,12.741539
18.970703,12.413938
18.982313,12.472014
18.993923,13.381621
19.005533,12.865558
19.017143,12.636047
19.028753,12.179069
19.040363,12.53584
19.051973,12.911375
19.063583,13.35528
19.075193,13.624705
19.086803,13.546473
19.098413,13.70555
19.110023,12.338064
19.121633,12.633121
19.133243,13.035572
19.144853,12.120772
19.156463,11.627151
19.168073,10.789827
19.179683,11.220436
19.191293,10.83121
19.202902,9.6335235
19.214512,10.453638
19.226122,9.7838008
19.237732,10.72915
19.249342,11.810339
19.260952,12.200995
19.272562,12.577861
19.284172,12.816832
19.295782,12.785066
19.307392,12.314743
19.319002,12.802222
19.330612,11.374803
19.342222,11.545597
19.353832,10.742655
19.365442,10.235977
19.377052,9.7898348
19.388662,9.7128857
19.400272,9.8663166
19.411882,9.5214519
19.423492,9.5488878
19.435102,9.0749357
19.446712,9.0131756
19.458322,9.3023351
19.469932,8.6588623
19.481542,8.8156415
19.493152,8.6605626
19.504762,8.0402943
19.516372,8.0423989
19.527982,7.3513287
19.539592,7.5599034
19.551202,7.9082025
19.562812,7.8319309
19.574422,8.0114046
19.586032,7.6596099
19.597642,6.9090956
19.609252,7.0222484
19.620862,6.4832068
19.632472,5.8456972
19.644082,6.4978654
19.655692,6.0867458
19.667302,9.8657108
19.678912,10.292849
19.690522,9.6659409
19.702132,10.274983
19.713741,10.493255
19.725351,10.580264
19.736961,10.141118
19.748571,11.25443
19.760181,9.8135662
19.771791,9.3678898
19.783401,10.363599
19.795011,9.4643098
19.806621,9.9535026
19.818231,9.9011775
19.829841,10.293682
19.841451,8.495344
19.853061,9.246882
19.864671,8.5502242
19.876281,8.2544228
19.887891,7.9347708
19.899501,8.2823962
19.911111,7.497634
19.922721,6.8863886
19.934331,7.7810433
19.945941,6.6006705
19.957551,6.9597872
19.969161,7.6469956
19.980771,6.9420587
19.992381,6.6415756
20.003991,6.2341929
20.015601,7.199511
20.027211,6.3499915
20.038821,7.375135
20.050431,6.7479996
20.062041,6.4364437
20.073651,6.8167565
20.085261,6.5909981
20.096871,6.56438
20.108481,5.886871
20.120091,6.3511219
20.131701,6.0485939
20.143311,6.1142579
20.154921,6.3350227
20.166531,6.0835242
20.178141,6.2621831
20.189751,6.0939479
20.201361,6.3879049
20.212971,6.1774438
20.22458,6.3507398
20.23619,6.1309381
20.2478,6.1040701
20.25941,6.1740529
20.27102,12.374038
20.28263,14.527318
20.29424,12.91009
20.30585,9.2320074
20.31746,8.3729064
20.32907,7.6743979
20.34068,8.050136
20.35229,8.4863337
20.3639,8.2621469
20.37551,9.1542475
20.38712,8.8904125
20.39873,9.6942744
20.41034,9.6181902
20.42195,9.7321343
20.43356,8.8287911
20.44517,7.7620355
20.45678,7.7914588
20.46839,7.0328852
20.48,8.4126125
20.49161,7.9723316
20.50322,7.2805321
20.51483,5.8302909
20.52644,6.8702485
20.53805,6.5327162
20.54966,6.7388685
20.56127,6.7082945
20.57288,6.7288935
20.58449,6.135626
20.5961,6.6276158
20.60771,7.2221308
20.61932,7.5320737
20.63093,6.2791133
20.64254,6.0223831
20.65415,6.7799202
20.66576,5.1394349
20.67737,5.7799024
20.68898,5.3764908
20.70059,5.3205074
20.7122,5.3585945
20.72381,4.9218731
20.73542,5.2821081
20.747029,4.8689504
20.758639,5.0286219
20.770249,4.8663648
20.781859,4.8304926
20.793469,5.1909934
20.805079,5.5326231
20.816689,5.4755342
20.828299,5.6682046
20.839909,5.2427589
20.851519,5.0212529
20.863129,5.3669968
20.874739,4.4490188
20.886349,3.7921265
20.897959,3.8849275
20.909569,3.5712625
20.921179,3.4168451
20.932789,3.8028759
20.944399,4.5157669
20.956009,4.6520058
20.967619,5.425985
20.979229,5.5933526
20.990839,5.3506179
21.002449,6.7546344
21.014059,4.8467161
21.025669,6.2427587
21.037279,6.6318076
21.048889,5.7963133
21.060499,6.1824604
21.072109,6.1249682
21.083719,5.7066275
21.095329,5.6877181
21.106939,6.0687497
21.118549,5.8240766
21.130159,5.282094
21.141769,6.2801028
21.153379,5.9761088
21.164989,5.7547766
21.176599,5.8914463
21.188209,5.7550848
21.199819,5.2832781
21.211429,5.533632
21.223039,12.350617
21.234649,11.6617
21.246259,8.9844564
21.257868,8.4764584
21.269478,7.7941884
21.281088,6.8114444
21.292698,6.4947373
21.304308,7.0257858
21.315918,7.6406529
21.327528,7.0633349
21.339138,4.9772118
21.350748,4.4413729
21.362358,5.5803281
21.373968,5.6938451
21.385578,5.3605299
21.397188,5.9895307
21.408798,6.3627819
21.420408,7.6585692
21.432018,7.6655627
21.443628,7.4963372
21.455238,7.0850489
21.466848,6.6535252
21.478458,6.2403258
21.490068,6.1711934
21.501678,7.463162
21.513288,7.590296
21.524898,7.002722
21.536508,10.911984
21.548118,12.244351
21.559728,9.6692097
21.571338,9.0023348
21.582948,7.5998673
21.594558,6.7360732
21.606168,7.5800959
21.617778,6.7355297
21.629388,8.1579713
21.640998,8.9410304
21.652608,8.8745193
21.664218,9.5416657
21.675828,9.3691641
21.687438,9.6633162
21.699048,8.3453504
21.710658,7.1301841
21.722268,7.444719
21.733878,6.98056
21.745488,7.4346449
21.757098,11.664035
21.768707,6.8651772
21.780317,9.1652332
21.791927,9.9383577
21.803537,11.97337
21.815147,11.706682
21.826757,10.748659
21.838367,12.306869
21.849977,8.884944
21.861587,10.75498
21.873197,9.6152666
21.884807,8.4634344
21.896417,9.611172
21.908027,6.2479121
21.919637,9.5379289
21.931247,7.8410771
21.942857,7.0592216
21.954467,8.2455032
21.966077,9.5152502
21.977687,9.6660381
21.989297,7.9905436
22.000907,7.7723403
22.012517,9.5653048
22.024127,9.3941295
22.035737,8.740373
22.047347,8.7109401
22.058957,8.2289172
22.070567,7.230787
22.082177,7.2750135
22.093787,8.4253782
22.105397,7.7401744
22.117007,7.3112498
22.128617,7.3874893
22.140227,7.9441713
22.151837,8.3214288
22.163447,7.4565717
22.175057,7.406175
22.186667,7.0736463
22.198277,6.6904167
22.209887,6.3847179
22.221497,5.9268965
22.233107,6.288094
22.244717,5.5423688
22.256327,5.5488865
22.267937,4.8994883
22.279546,4.8687081
22.291156,4.8501103
22.302766,4.0251878
22.314376,4.8320384
22.325986,3.90174
22.337596,4.1276503
22.349206,4.8594011
22.360816,4.1277285
22.372426,5.0961302
22.384036,4.2143526
22.395646,4.1875737
22.407256,4.7130014
22.418866,3.7786863
22.430476,4.3529671
22.442086,4.0878358
22.453696,3.7684742
22.465306,4.1397763
22.476916,3.7648484
22.488526,4.0693548
22.500136,3.8467507
22.511746,4.0795131
22.523356,4.6258303
22.534966,6.8641755
22.546576,4.0763022
22.558186,6.592634
22.569796,5.8445063
22.581406,5.1194491
22.593016,7.0716231
22.604626,4.2886932
22.616236,6.1945644
22.627846,6.3457813
22.639456,3.6716972
22.651066,6.289403
22.662676,5.3394158
22.674286,4.9426899
22.685896,6.3181304
22.697506,3.9992971
22.709116,6.0268462
22.720726,5.435005
22.732336,4.3257324
22.743946,6.4138101
22.755556,4.1458027
22.767166,9.6967483
22.778776,12.800938
22.790385,13.563622
22.801995,12.899075
22.813605,13.571539
22.825215,12.506128
22.836825,12.294119
22.848435,12.037392
22.860045,11.602021
22.871655,11.877503
22.883265,11.039277
22.894875,11.204887
22.906485,11.051561
22.918095,10.520981
22.929705,9.9377498
22.941315,9.6381447
22.952925,9.4425959
22.964535,9.2661407
22.976145,9.0561861
22.987755,8.9333945
22.999365,9.6642296
23.010975,9.0927136
23.022585,8.5211563
23.034195,8.553384
23.045805,8.4679354
23.057415,7.8100402
23.069025,6.7944179
23.080635,6.5221641
23.092245,6.5676185
23.103855,6.6270656
23.115465,6.223211
23.127075,6.2045828
23.138685,5.8396493
23.150295,5.8209318
23.161905,4.6976178
23.173515,7.6760602
23.185125,7.5864614
23.196735,9.0241152
23.208345,8.050751
23.219955,5.6345903
23.231565,8.3859099
23.243175,5.5260041
23.254785,7.4793452
23.266395,6.5140309
23.278005,4.8880191
23.289615,7.5203112
23.301224,4.752737
23.312834,6.9192811
23.324444,6.4948049
23.336054,5.0066748
23.347664,6.8550671
23.359274,4.1155865
23.370884,5.9296646
23.382494,4.6399934
23.394104,4.4853929
23.405714,5.3186155
23.417324,3.8159326
23.428934,5.298365
23.440544,4.4608021
23.452154,4.5087437
23.463764,5.2575139
23.475374,3.9838541
23.486984,5.0758978
23.498594,3.7506549
23.510204,4.1289253
23.521814,2.8638615
23.533424,2.97691
23.545034,3.6507886
23.556644,2.8043593
23.568254,3.278251
23.579864,2.7827324
23.591474,2.93317
23.603084,2.5832271
23.614694,2.6138584
23.626304,2.9577833
23.637914,2.3660421
23.649524,2.4287929
23.661134,2.7510577
23.672744,2.4947916
23.684354,2.0189528
23.695964,2.0133605
23.707574,2.6757481
23.719184,2.0748249
23.730794,1.8695894
23.742404,2.056004
23.754014,2.6579831
23.765624,1.9829387
23.777234,2.8809265
23.788844,2.6633467
23.800454,2.1141742
23.812063,1.9951292
23.823673,2.0162069
23.835283,2.3313258
23.846893,1.5594252
23.858503,1.8906501
23.870113,2.1096676
23.881723,4.4531522
23.893333,6.2295264
23.904943,5.5193738
23.916553,4.8779576
23.928163,2.4302548
23.939773,2.5166951
23.951383,2.7496406
23.962993,3.4565303
23.974603,3.0013476
23.986213,4.5029421
23.997823,4.7524106
24.009433,4.5319721
24.021043,4.7884913
24.032653,4.6202321
24.044263,4.3695632
24.055873,3.2113759
24.067483,3.4201596
24.079093,2.8486833
24.090703,3.7261771
24.102313,3.3367584
24.113923,2.3489226
24.125533,2.7284549
24.137143,2.6240747
24.148753,2.8611562
24.160363,2.5764277
24.171973,2.8398582
24.183583,3.5963073
24.195193,2.9430276
24.206803,2.4558186
24.218413,2.5024304
24.230023,3.6156044
24.241633,3.5037301
24.253243,2.618953
24.264853,3.1037149
24.276463,2.7006925
24.288073,2.4491618
24.299683,2.1414118
24.311293,2.4281072
24.322902,2.6634194
24.334512,2.2903646
24.346122,2.6302351
24.357732,2.0648766
24.369342,2.2773955
24.380952,2.5483878
24.392562,2.4373756
24.404172,2.0779268
24.415782,2.3769315
24.427392,2.6890671
24.439002,2.5687735
24.450612,2.1626615
24.462222,2.1345362
24.473832,2.4656624
24.485442,2.5004793
24.497052,2.0247764
24.508662,1.7609595
24.520272,1.6075003
24.531882,1.5632942
24.543492,2.0984575
24.555102,2.0075147
24.566712,1.9684554
24.578322,1.9131111
24.589932,1.6918802
24.601542,1.9397657
24.613152,1.9883193
24.624762,1.9055504
24.636372,1.4489907
24.647982,1.8408497
24.659592,1.8793994
24.671202,1.6886564
24.682812,1.8613283
24.694422,3.0099617
24.706032,3.2328662
24.717642,3.3644086
24.729252,3.7666156
24.740862,3.9579845
24.752472,2.8565188
24.764082,3.5953806
24.775692,3.1561376
24.787302,3.041726
24.798912,3.0471203
24.810522,3.1409415
24.822132,2.9958074
24.833741,2.9580654
24.845351,3.1389498
24.856961,3.0621416
24.868571,3.1426404
24.880181,3.1187058
24.891791,3.4870515
24.903401,3.0368893
24.915011,3.0129243
24.926621,3.2989419
24.938231,2.933302
24.949841,3.1711651
24.961451,3.2816813
24.973061,3.1355565
24.984671,2.6311309
24.996281,2.6483175
25.007891,3.3441467
25.019501,4.7492378
25.031111,6.377234
25.042721,9.1288691
25.054331,8.9302672
25.065941,7.9625063
25.077551,7.900228
25.089161,7.0196897
25.100771,7.1692336
25.112381,6.576177
25.123991,6.0998894
25.135601,5.827717
25.147211,5.756209
25.158821,5.7767745
25.170431,6.1198507
25.182041,6.0437647
25.193651,6.0108567
25.205261,5.6203218
25.216871,5.027923
25.228481,5.0741589
25.240091,5.1415821
25.251701,4.8664202
25.263311,4.8369556
25.274921,4.9190684
25.286531,4.5484931
25.298141,4.572461
25.309751,4.1789474
25.321361,3.9744056
25.332971,4.7926711
25.34458,4.3290983
25.35619,3.697904
25.3678,3.013226
25.37941,2.6611453
25.39102,3.1609475
25.40263,7.3196417
25.41424,9.812859
25.42585,10.950502
25.43746,9.7895659
25.44907,10.361616
25.46068,9.7758173
25.47229,9.7956378
25.4839,9.1396637
25.49551,8.9269426
25.50712,9.648008
25.51873,8.7955702
25.53034,9.1698151
25.54195,9.0335469
25.55356,8.6353495
25.56517,8.4743297
25.57678,8.1129352
25.58839,7.9155183
25.6,7.7155416
25.61161,7.9988168
25.62322,7.8051035
25.63483,8.4396197
25.64644,7.8464254
25.65805,7.3980605
25.66966,7.3463204
25.68127,6.9839414
25.69288,6.8558043
25.70449,5.5785974
25.7161,5.5237376
25.72771,5.9555344
25.73932,5.5304325
25.75093,5.6448872
25.76254,5.4597474
25.77415,5.0679153
25.78576,5.0144577
25.79737,4.5097312
25.80898,4.4849305
25.82059,4.3289912
25.8322,4.4552797
25.84381,4.7450267
25.85542,7.1389138
25.867029,6.3495259
25.878639,6.5816974
25.890249,6.641408
25.901859,6.6513829
25.913469,6.5828217
25.925079,6.4588981
25.936689,6.6873778
25.948299,6.1587008
25.959909,6.2227766
25.971519,6.0912481
25.983129,6.3139789
25.994739,6.1728601
26.006349,6.4173247
26.017959,5.9657266
26.029569,6.2438241
26.041179,6.3688657
26.052789,6.0020017
26.064399,6.115945
26.076009,5.8522197
26.087619,5.9235845
26.099229,5.6053347
26.110839,5.364967
26.122449,5.1654903
26.134059,5.1161558
26.145669,4.9443966
26.157279,4.8180811
26.168889,6.9284642
26.180499,7.5846124
26.192109,5.6352601
26.203719,7.841335
26.215329,6.1180373
26.226939,8.3272491
26.238549,6.4879728
26.250159,6.4087541
26.261769,6.2554733
26.273379,5.3537436
26.284989,7.0303729
26.296599,4.7783974
26.308209,5.6193341
26.319819,5.066735
26.331429,5.3734089
26.343039,6.3925761
26.354649,4.8853278
26.366259,6.9147332
26.377868,5.9265174
26.389478,6.4273909
26.401088,7.3743932
26.412698,5.2848333
26.424308,6.4886716
26.435918,5.3555228
26.447528,5.3363167
26.459138,5.730938
26.470748,5.8887172
26.482358,5.1625639
26.493968,5.9703717
26.505578,4.9435934
26.517188,5.0325941
26.528798,4.8516456
26.540408,4.6221179
26.552018,4.0393606
26.563628,5.3924143
26.575238,4.2437831
26.586848,4.7056956
26.598458,4.5766123
26.610068,3.553507
26.621678,4.7741476
26.633288,3.7416838
26.644898,4.1581266
26.656508,8.2654734
26.668118,9.0967946
26.679728,9.2312278
26.691338,9.3136756
26.702948,9.7678639
26.714558,8.9524454
26.726168,9.2089655
26.737778,9.0940164
26.749388,8.4159007
26.760998,8.6049882
26.772608,8.0146381
26.784218,8.4583497
26.795828,8.2459976
26.807438,8.879519
26.819048,8.078678
26.830658,8.1315482
26.842268,8.3078503
26.853878,8.4303132
26.865488,9.0706984
26.877098,10.906298
26.888707,12.748889
26.900317,7.3235505
26.911927,12.559003
26.923537,8.0541022
26.935147,11.530392
26.946757,9.8293332
26.958367,10.106455
26.969977,10.672668
26.981587,7.062743
26.993197,10.776172
27.004807,6.4787573
27.016417,9.7443775
27.028027,8.2327762
27.039637,8.2176649
27.051247,9.2627947
27.062857,6.2708143
27.074467,10.719957
27.086077,6.1012809
27.097687,8.9237413
27.109297,7.9215628
27.120907,8.7754069
27.132517,9.8007525
27.144127,9.4092396
27.155737,9.9862259
27.167347,8.7147065
27.178957,9.2614788
27.190567,8.1025701
27.202177,8.1443977
27.213787,8.3810099
27.225397,6.9123874
27.237007,5.8800294
27.248617,6.3503148
27.260227,5.9324825
27.271837,6.1783285
27.283447,6.9906652
27.295057,6.6669635
27.306667,6.7824564
27.318277,6.986337
27.329887,6.330654
27.341497,6.3750093
27.353107,12.401079
27.364717,15.650965
27.376327,18.625191
27.387937,18.175111
27.399546,18.11753
27.411156,17.321972
27.422766,16.661854
27.434376,16.024085
27.445986,16.030047
27.457596,15.733565
27.469206,15.335615
27.480816,14.983515
27.492426,15.297557
27.504036,14.422268
27.515646,14.0249
27.527256,13.768892
27.538866,13.089418
27.550476,12.943358
27.562086,12.340366
27.573696,12.329715
27.585306,12.676532
27.596916,12.841035
27.608526,11.724819
27.620136,12.181028
27.631746,11.74979
27.643356,11.187016
27.654966,9.8737642
27.666576,9.0755381
27.678186,8.7069352
27.689796,8.4054683
27.701406,8.1053245
27.713016,7.4865148
27.724626,7.6915487
27.736236,7.4308237
27.747846,7.6086674
27.759456,7.1190131
27.771066,8.0128034
27.782676,6.7544193
27.794286,7.0771871
27.805896,8.4282004
27.817506,6.6043347
27.829116,6.5822347
27.840726,7.3864252
27.852336,7.6389939
27.863946,7.1475474
27.875556,7.170785
27.887166,6.8164721
27.898776,6.76004
27.910385,6.5903586
27.921995,6.6629228
27.933605,11.092485
27.945215,11.702605
27.956825,12.094403
27.968435,12.504829
27.980045,12.156161
27.991655,12.145265
28.003265,11.768665
28.014875,11.436932
28.026485,11.468336
28.038095,10.558212
28.049705,10.504646
28.061315,10.077238
28.072925,10.749094
28.084535,10.900511
28.096145,10.529985
28.107755,10.45316
28.119365,13.125715
28.130975,16.32394
28.142585,16.566645
28.154195,16.402566
28.165805,16.691789
28.177415,15.905573
28.189025,15.69626
28.200635,15.088688
28.212245,14.833258
28.223855,14.88536
28.235465,13.909706
28.247075,13.917609
28.258685,14.098263
28.270295,13.731832
28.281905,12.796043
28.293515,12.967662
28.305125,13.043167
28.316735,12.390469
28.328345,12.283577
28.339955,12.894093
28.351565,13.211988
28.363175,12.164418
28.374785,11.347966
28.386395,11.165152
28.398005,11.014523
28.409615,11.13807
28.421224,10.146621
28.432834,9.2438025
28.444444,8.4771755
28.456054,10.470543
28.467664,12.208887
28.479274,12.893848
28.490884,13.380216
28.502494,13.096944
28.514104,13.586501
28.525714,13.482619
28.537324,13.560257
28.548934,12.13407
28.560544,11.980489
28.572154,10.460916
28.583764,10.741542
28.595374,9.360205
28.606984,8.1106005
28.618594,10.157262
28.630204,9.3535187
28.641814,10.494735
28.653424,10.501003
28.665034,10.344736
28.676644,10.50442
28.688254,10.239238
28.699864,10.202763
28.711474,10.340546
28.723084,10.391819
28.734694,8.9328004
28.746304,9.6100388
28.757914,9.3222754
28.769524,8.7230244
28.781134,10.334613
28.792744,9.2255473
28.804354,9.0937543
28.815964,9.2282413
28.827574,11.087329
28.839184,15.329888
28.850794,17.23244
28.862404,17.715256
28.874014,16.449522
28.885624,18.433997
28.897234,16.477
28.908844,16.192175
28.920454,17.590146
28.932063,16.181141
28.943673,16.314355
28.955283,14.267916
28.966893,13.408473
28.978503,13.439323
28.990113,9.1956381
29.001723,10.253292
29.013333,12.575862
29.024943,12.944951
29.036553,13.405207
29.048163,12.964994
29.059773,11.981565
29.071383,13.106655
29.082993,10.977323
29.094603,11.670895
29.106213,8.2570479
29.117823,10.300368
29.129433,10.052052
29.141043,19.139758
29.152653,22.080032
29.164263,19.298747
29.175873,17.020054
29.187483,12.75253
29.199093,15.486922
29.210703,17.486773
29.222313,18.069794
29.233923,15.945309
29.245533,12.394401
29.257143,11.335494
29.268753,11.565607
29.280363,13.934856
29.291973,15.52192
29.303583,12.497147
29.315193,14.737142
29.326803,15.016678
29.338413,11.899874
29.350023,13.579781
29.361633,12.999965
29.373243,8.4763354
29.384853,8.8995902
29.396463,8.7006251
29.408073,8.4887779
29.419683,10.160969
29.431293,8.3580506
29.442902,7.5322105
29.454512,12.479153
29.466122,11.833264
29.477732,14.501058
29.489342,14.677623
29.500952,14.595492
29.512562,14.716849
29.524172,13.703552
29.535782,14.619576
29.547392,14.941894
29.559002,13.58127
29.570612,14.32971
29.582222,12.733703
29.593832,12.163511
29.605442,11.714059
29.617052,10.759967
29.628662,10.450945
29.640272,10.699363
29.651882,9.8710022
29.663492,9.8770882
29.675102,10.386048
29.686712,8.2876888
29.698322,10.961849
29.709932,9.9336052
29.721542,8.4409604
29.733152,10.124489
29.744762,8.1460203
29.756372,7.8476287
29.767982,7.5787708
29.779592,7.0250986
29.791202,9.5986192
29.802812,10.813398
29.814422,12.224614
29.826032,13.222547
29.837642,12.021174
29.849252,12.782914
29.860862,12.745616
29.872472,6.4486789
29.884082,9.8958809
29.895692,12.916194
29.907302,13.736537
29.918912,12.616845
29.930522,12.879052
29.942132,14.111795
29.953741,13.436746
29.965351,12.390917
29.976961,12.933575
29.988571,12.614892
30.000181,10.838058
30.011791,9.0086545
30.023401,9.1217397
30.035011,9.7226603
30.046621,6.4735668
30.058231,7.6659788
30.069841,8.0515045
30.081451,7.926485
30.093061,7.1434407
30.104671,6.9835105
30.116281,9.9431876
30.127891,6.9194162
30.139501,6.5717274
30.151111,9.1025084
30.162721,6.7310144
30.174331,7.5566337
30.185941,6.9453627
30.197551,6.141924
30.209161,7.4706467
30.220771,4.9532074
30.232381,6.8173746
30.243991,7.3516652
30.255601,4.9114941
30.267211,6.5205209
30.278821,5.945985
30.290431,5.1250519
30.302041,5.5181067
30.313651,3.5843358
30.325261,6.0746692
30.336871,5.0267668
30.348481,4.1297264
30.360091,5.7279646
30.371701,3.8266377
30.383311,4.8244309
30.394921,4.3842003
30.406531,12.009062
30.418141,15.857017
30.429751,16.808945
30.441361,18.947279
30.452971,19.219644
30.46458,17.971314
30.47619,17.763053
30.4878,18.147875
30.49941,18.422435
30.51102,16.836353
30.52263,16.788978
30.53424,16.543813
30.54585,15.214679
30.55746,13.16419
30.56907,11.984555
30.58068,12.824984
30.59229,12.432453
30.6039,11.59782
30.61551,12.626247
30.62712,12.472624
30.63873,10.616535
30.65034,11.668745
30.66195,12.549188
30.67356,11.054327
30.68517,10.377237
30.69678,11.372007
30.70839,10.092609
30.72,8.9270095
30.73161,9.2076519
30.74322,10.077664
30.75483,7.7162779
30.76644,7.8560004
30.77805,8.6049659
30.78966,8.8264464
30.80127,8.6202899
30.81288,8.0940923
30.82449,9.1195655
30.8361,8.1865772
30.84771,6.1711674
30.85932,7.5193941
30.87093,13.498794
30.88254,11.018035
30.89415,12.540192
30.90576,12.581284
30.91737,13.121353
30.92898,12.18723
30.94059,11.435159
30.9522,13.533926
30.96381,13.121819
30.97542,12.077712
30.987029,11.258754
30.998639,12.218551
31.010249,11.973
31.021859,9.9840025
31.033469,11.346197
31.045079,10.022489
31.056689,13.988282
31.068299,14.539632
31.079909,16.89145
31.091519,14.767639
31.103129,14.026746
31.114739,14.609261
31.126349,11.74757
31.137959,14.293639
31.149569,12.645502
31.161179,11.864425
31.172789,11.189286
31.184399,10.391605
31.196009,12.591589
31.207619,10.187072
31.219229,10.780108
31.230839,11.483782
31.242449,10.147105
31.254059,11.369477
31.265669,13.723572
31.277279,16.689718
31.288889,15.642223
31.300499,13.280463
31.312109,11.057469
31.323719,12.40506
31.335329,14.566093
31.346939,13.769659
31.358549,12.734559
31.370159,9.0528659
31.381769,11.373676
31.393379,12.275528
31.404989,12.433073
31.416599,11.708324
31.428209,8.799234
31.439819,12.554145
31.451429,16.064649
31.463039,10.848921
31.474649,15.81962
31.486259,11.428073
31.497868,13.867028
31.509478,14.827288
31.521088,11.484149
31.532698,15.787258
31.544308,8.2626212
31.555918,13.435965
31.567528,9.501293
31.579138,12.677276
31.590748,12.333768
31.602358,10.538685
31.613968,17.538092
31.625578,19.214554
31.637188,18.246937
31.648798,18.508745
31.660408,18.122464
31.672018,17.112731
31.683628,16.861356
31.695238,16.603527
31.706848,16.037987
31.718458,16.368171
31.730068,15.599011
31.741678,16.297261
31.753288,15.189847
31.764898,14.810652
31.776508,16.282274
31.788118,16.90168
31.799728,16.232935
31.811338,15.174437
31.822948,15.2167
31.834558,15.278337
31.846168,15.587934
31.857778,14.629815
31.869388,14.12715
31.880998,14.491942
31.892608,12.723
31.904218,12.391867
31.915828,10.611172
31.927438,10.694199
31.939048,10.425985
31.950658,9.7595429
31.962268,10.146443
31.973878,9.305377
31.985488,9.4982986
31.997098,8.9720195
32.008707,8.6707557
32.020317,10.489221
32.031927,13.433739
32.043537,15.452827
32.055147,14.67434
32.066757,15.662102
32.078367,14.299589
32.089977,14.228396
32.101587,13.546477
32.113197,13.194308
32.124807,13.746268
32.136417,12.663234
32.148027,12.724521
32.159637,13.245985
32.171247,12.312962
32.182857,11.908541
32.194467,11.329966
32.206077,10.93998
32.217687,10.892696
32.229297,10.944742
32.240907,10.623307
32.252517,11.531834
32.264127,10.808721
32.275737,10.025159
32.287347,10.018042
32.298957,9.4539887
32.310567,8.6946415
32.322177,7.1810599
32.333787,7.1968188
32.345397,6.9001793
32.357007,7.1460318
32.368617,6.4964834
32.380227,7.0923726
32.391837,6.8178521
32.403447,6.3085028
32.415057,5.7024227
32.426667,5.2767292
32.438277,5.3524683
32.449887,5.3888364
32.461497,4.7974655
32.473107,4.8922496
32.484717,5.2001814
32.496327,5.2320504
32.507937,5.9724428
32.519546,5.5098178
32.531156,5.1594689
32.542766,5.1365767
32.554376,5.3633878
32.565986,4.595528
32.577596,4.5002227
32.589206,3.9083644
32.600816,4.2497621
32.612426,4.5610512
32.624036,4.7794465
32.635646,4.5695973
32.647256,4.387168
32.658866,4.7576106
32.670476,4.867408
32.682086,5.0502917
32.693696,8.180848
32.705306,9.9616061
32.716916,8.8369804
32.728526,9.2414648
32.740136,9.0041966
32.751746,9.1787284
32.763356,9.0599632
32.774966,9.1708513
32.786576,9.1033772
32.798186,8.5090606
32.809796,8.3321708
32.821406,7.9778789
32.833016,8.1972211
32.844626,8.5654046
32.856236,8.6276809
32.867846,8.2221288
32.879456,8.0048981
32.891066,8.4988903
32.902676,8.3212487
32.914286,8.2387549
32.925896,8.1767035
32.937506,7.9773638
32.949116,7.6918153
32.960726,7.1428906
32.972336,9.0433333
32.983946,11.599365
32.995556,10.768021
33.007166,10.909934
33.018776,10.759383
33.030385,10.100558
33.041995,10.071335
33.053605,9.7078855
33.065215,9.4953675
33.076825,9.6674054
33.088435,9.3587952
33.100045,9.5318347
33.111655,8.8338212
33.123265,8.3155812
33.134875,8.4270736
33.146485,7.7750821
33.158095,7.8388511
33.169705,7.2902815
33.181315,6.8185953
33.192925,7.232533
33.204535,7.6062716
33.216145,6.8963538
33.227755,6.7733792
33.239365,7.4214637
33.250975,6.87721
33.262585,7.0920706
33.274195,6.5262571
33.285805,6.5920539
33.297415,7.214278
33.309025,7.3130924
33.320635,7.3363414
33.332245,7.2798067
33.343855,6.5316643
33.355465,7.1167394
33.367075,6.4030716
33.378685,6.3162197
33.390295,6.4113028
33.401905,5.5953527
33.413515,5.3346603
33.425125,5.9227409
33.436735,6.3997544
33.448345,4.5166293
33.459955,6.4190962
33.471565,5.5959175
33.483175,6.0038893
33.494785,6.226977
33.506395,5.9193354
33.518005,6.3228986
33.529615,5.3090792
33.541224,6.0888013
33.552834,5.0044377
33.564444,5.6425449
33.576054,5.3518252
33.587664,4.910097
33.599274,5.419227
33.610884,4.652471
33.622494,5.5428031
33.634104,4.8651695
33.645714,5.2082863
33.657324,4.8963918
33.668934,5.1515109
33.680544,5.2007894
33.692154,5.038416
33.703764,5.0897969
33.715374,4.6519137
33.726984,5.112899
33.738594,4.8238021
33.750204,5.0006429
33.761814,4.9174767
33.773424,4.5683856
33.785034,4.545752
33.796644,4.2001313
33.808254,4.4376734
33.819864,4.1059005
33.831474,4.2072773
33.843084,4.1546809
33.854694,4.085558
33.866304,4.1441889
33.877914,3.6997246
33.889524,3.8181631
33.901134,3.7062814
33.912744,3.6072537
33.924354,3.386649
33.935964,3.1485116
33.947574,8.3354396
33.959184,10.752118
33.970794,11.529127
33.982404,11.823063
33.994014,11.558014
34.005624,11.661956
34.017234,11.617946
34.028844,11.58716
34.040454,11.79443
34.052063,10.601095
34.063673,11.07636
34.075283,10.461336
34.086893,8.8550783
34.098503,8.23401
34.110113,6.8287231
34.121723,7.7373971
34.133333,7.240783
34.144943,5.6076023
34.156553,5.5184461
34.168163,5.360335
34.179773,5.0716693
34.191383,4.2327984
34.202993,4.6212429
34.214603,5.772454
34.226213,4.6051737
34.237823,4.1505445
34.249433,7.0418791
34.261043,10.214165
34.272653,10.497745
34.284263,10.354078
34.295873,10.304435
34.307483,9.7081288
34.319093,10.353683
34.330703,10.366118
34.342313,10.536883
34.353923,9.8058729
34.365533,8.4502678
34.377143,9.0756403
34.388753,8.59732
34.400363,9.7547555
34.411973,9.7580838
34.423583,9.1480808
34.435193,9.2237462
34.446803,8.883856
34.458413,9.0730049
34.470023,8.9415192
34.481633,9.4601064
34.493243,8.8779324
34.504853,12.523571
34.516463,15.691272
34.528073,13.992933
34.539683,10.991969
34.551293,10.40504
34.562902,12.3657
34.574512,14.654762
34.586122,13.581426
34.597732,11.040305
34.609342,9.5505907
34.620952,9.3847739
34.632562,12.3049
34.644172,12.597673
34.655782,11.402666
34.667392,8.4316027
34.679002,8.2260782
34.690612,10.704993
34.702222,11.704005
34.713832,11.735318
34.725442,8.7766374
34.737052,6.2756227
34.748662,7.9152623
34.760272,10.893069
34.771882,13.153852
34.783492,11.378512
34.795102,7.609423
34.806712,8.9419544
34.818322,9.9644175
34.829932,9.830478
34.841542,10.003605
34.853152,6.3776391
34.864762,7.3179597
34.876372,8.1327638
34.887982,8.5063412
34.899592,7.6865153
34.911202,6.2776361
34.922812,6.8952491
34.934422,6.9052539
34.946032,7.6475175
34.957642,7.3232231
34.969252,5.0601905
34.980862,5.5108121
34.992472,6.5112308
35.004082,6.7489029
35.015692,6.6023912
35.027302,4.9678707
35.038912,4.6925462
35.050522,5.7298673
35.062132,5.8086844
35.073741,5.8322219
35.085351,4.31146
35.096961,4.9508156
35.108571,5.1023041
35.120181,6.2271908
35.131791,5.4264561
35.143401,4.2195841
35.155011,4.6860845
35.166621,5.0506988
35.178231,6.3981623
35.189841,5.7804997
35.201451,4.9409234
35.213061,5.0291272
35.224671,4.6720864
35.236281,6.0494716
35.247891,6.1618416
35.259501,7.6309048
35.271111,9.9135958
35.282721,11.934691
35.294331,11.144998
35.305941,9.9868138
35.317551,9.8088439
35.329161,9.9028699
35.340771,10.018363
35.352381,10.004046
35.363991,9.4133978
35.375601,9.4543442
35.387211,8.6441817
35.398821,8.6863791
35.410431,7.8703328
35.422041,7.8046305
35.433651,8.3046698
35.445261,7.616274
35.456871,6.7893826
35.468481,6.4462238
35.480091,5.6692802
35.491701,6.1517393
35.503311,6.5681065
35.514921,7.4799864
35.526531,7.4986758
35.538141,7.0006679
35.549751,7.0551871
35.561361,5.9959587
35.572971,5.6749852
35.58458,6.1977722
35.59619,6.2430324
35.6078,6.7036847
35.61941,6.4022289
35.63102,6.4462588
35.64263,8.8637067
35.65424,10.531179
35.66585,11.290889
35.67746,8.834955
35.68907,8.8762163
35.70068,9.1813713
35.71229,11.3389
35.7239,10.735346
35.73551,7.4343893
35.74712,9.7146638
35.75873,12.463342
35.77034,12.974497
35.78195,10.63052
35.79356,7.805212
35.80517,10.310358
35.81678,12.976289
35.82839,11.621973
35.84,10.134775
35.85161,7.9673539
35.86322,10.542865
35.87483,11.064538
35.88644,9.1047108
35.89805,6.9416384
35.90966,10.46243
35.92127,9.7276373
35.93288,10.075652
35.94449,8.8225232
35.9561,8.8503946
35.96771,8.9894612
35.97932,10.01611
35.99093,10.440755
36.00254,8.7923748
36.01415,9.7734855
36.02576,6.9210009
36.03737,8.8869154
36.04898,9.0117823
36.06059,7.944385
36.0722,6.664811
36.08381,8.642086
36.09542,9.5099386
36.107029,8.2927055
36.118639,9.4060204
36.130249,10.178385
36.141859,10.186878
36.153469,13.771109
36.165079,12.970816
36.176689,8.5179703
36.188299,8.8193063
36.199909,9.8258786
36.211519,13.005894
36.223129,11.050218
36.234739,10.502227
36.246349,8.1494622
36.257959,11.101997
36.269569,12.091145
36.281179,10.86597
36.292789,8.8715356
36.304399,8.8888812
36.316009,11.892824
36.327619,13.491327
36.339229,14.12399
36.350839,14.715572
36.362449,11.501283
36.374059,10.986661
36.385669,12.150009
36.397279,10.722306
36.408889,11.644552
36.420499,11.010413
36.432109,10.195694
36.443719,12.005492
36.455329,11.718164
36.466939,11.0449
36.478549,8.7710575
36.490159,9.0136383
36.501769,11.331414
36.513379,12.691424
36.524989,12.015471
36.536599,11.474208
36.548209,11.216658
36.559819,10.840198
36.571429,10.756938
36.583039,11.398064
36.594649,10.31437
36.606259,12.475619
36.617868,12.308277
36.629478,10.068951
36.641088,13.051191
36.652698,9.3459746
36.664308,10.400793
36.675918,9.5815418
36.687528,9.656483
36.699138,10.871821
36.710748,9.6981707
36.722358,11.629736
36.733968,10.742368
36.745578,8.821088
36.757188,13.676934
36.768798,10.312953
36.780408,14.521875
36.792018,12.544061
36.803628,13.15114
36.815238,14.164315
36.826848,15.155674
36.838458,16.656183
36.850068,15.006214
36.861678,14.852852
36.873288,14.130817
36.884898,14.079107
36.896508,13.622552
36.908118,12.220756
36.919728,10.909332
36.931338,12.15999
36.942948,11.51959
36.954558,13.007473
36.966168,11.973445
36.977778,11.051734
36.989388,11.496528
37.000998,11.804342
37.012608,12.081673
37.024218,11.038997
37.035828,10.860399
37.047438,10.874983
37.059048,11.004673
37.070658,12.084441
37.082268,12.518195
37.093878,12.892097
37.105488,11.81622
37.117098,12.479955
37.128707,11.943423
37.140317,10.362167
37.151927,9.378206
37.163537,8.6381411
37.175147,9.4397016
37.186757,9.879949
37.198367,8.9958054
37.209977,8.3348027
37.221587,7.1833159
37.233197,8.600842
37.244807,8.4369061
37.256417,8.037922
37.268027,7.4522843
37.279637,7.4749272
37.291247,8.1247371
37.302857,7.9371286
37.314467,7.8278327
37.326077,8.2470253
37.337687,8.5841729
37.349297,9.3185373
37.360907,8.9848907
37.372517,8.4586874
37.384127,8.6229628
37.395737,9.3225994
37.407347,9.0382481
37.418957,10.126264
37.430567,12.614403
37.442177,11.407427
37.453787,11.595739
37.465397,11.771517
37.477007,11.375321
37.488617,10.472512
37.500227,10.517329
37.511837,11.885038
37.523447,11.668565
37.535057,10.854077
37.546667,13.050129
37.558277,11.576753
37.569887,9.9668129
37.581497,10.468631
37.593107,9.2980533
37.604717,8.4594153
37.616327,8.4703653
37.627937,10.317652
37.639546,9.8482996
37.651156,8.8718085
37.662766,11.522257
37.674376,10.486577
37.685986,9.3843816
37.697596,9.3435887
37.709206,9.6321996
37.720816,8.5519694
37.732426,7.4242499
37.744036,8.8978301
37.755646,8.7939759
37.767256,8.0115532
37.778866,9.1425391
37.790476,9.2355476
37.802086,8.7534048
37.813696,7.9340792
37.825306,8.6607626
37.836916,8.2988226
37.848526,6.1996829
37.860136,6.9067791
37.871746,8.3490665
37.883356,7.8502876
37.894966,8.3301676
37.906576,9.5351374
37.918186,9.8171702
37.929796,8.4168599
37.941406,9.5705586
37.953016,9.3582671
37.964626,8.2838216
37.976236,8.9166097
37.987846,8.2592105
37.999456,8.0609329
38.011066,7.2493695
38.022676,7.3524458
38.034286,7.6022854
38.045896,7.6014986
38.057506,7.5135671
38.069116,7.8904254
38.080726,7.3763294
38.092336,6.5776675
38.103946,5.9343465
38.115556,7.6046408
38.127166,7.1581916
38.138776,6.9474418
38.150385,6.0196992
38.161995,5.997091
38.173605,6.7683246
38.185215,7.0134746
38.196825,6.1001994
38.208435,5.8242986
38.220045,6.0849856
38.231655,6.2984822
38.243265,6.497357
38.254875,5.5481984
38.266485,5.8912668
38.278095,4.7331068
38.289705,4.8208744
38.301315,5.1110534
38.312925,5.2916677
38.324535,4.9325291
38.336145,4.486415
38.347755,5.3650043
38.359365,6.2019061
38.370975,4.9088148
38.382585,4.8718561
38.394195,4.3811829
38.405805,5.0874006
38.417415,5.2227991
38.429025,4.5181228
38.440635,5.0175605
38.452245,5.1109215
38.463855,5.5625146
38.475465,5.4270866
38.487075,5.9373526
38.498685,5.5160953
38.510295,5.637806
38.521905,5.4595764
38.533515,6.2373737
38.545125,6.0831701
38.556735,5.247817
38.568345,5.6720273
38.579955,5.9301442
38.591565,5.5299876
38.603175,4.6653625
38.614785,4.7260915
38.626395,5.2087421
38.638005,5.4967664
38.649615,4.6759806
38.661224,4.7084331
38.672834,5.3111645
38.684444,5.384962
38.696054,4.4058713
38.707664,5.089237
38.719274,5.4161594
38.730884,5.5170212
38.742494,4.5872276
38.754104,5.2390277
38.765714,5.8124472
38.777324,5.3935372
38.788934,10.339322
38.800544,12.976183
38.812154,13.056603
38.823764,12.424025
38.835374,12.974303
38.846984,12.341261
38.858594,12.352943
38.870204,12.128494
38.881814,11.489689
38.893424,12.024076
38.905034,11.236859
38.916644,11.086167
38.928254,10.932305
38.939864,10.239082
38.951474,10.402595
38.963084,9.8109371
38.974694,9.3229747
38.986304,9.2542593
38.997914,8.9697906
39.009524,9.4993977
39.021134,9.9439593
39.032744,8.9227212
39.044354,9.1721016
39.055964,8.8130254
39.067574,8.634236
39.079184,8.3855782
39.090794,7.0358795
39.102404,7.201532
39.114014,7.0295975
39.125624,6.7933375
39.137234,6.7549336
39.148844,6.5456003
39.160454,6.5452534
39.172063,6.1441654
39.183673,5.9378181
39.195283,6.2884523
39.206893,5.8356368
39.218503,5.7437941
39.230113,5.3132421
39.241723,5.4495713
39.253333,5.8888483
39.264943,5.910908
39.276553,5.6689989
39.288163,5.481053
39.299773,5.4440494
39.311383,5.6416286
39.322993,5.2803398
39.334603,4.6913964
39.346213,4.6687688
39.357823,4.770409
39.369433,4.7009741
39.381043,4.5963278
39.392653,4.4184464
39.404263,4.4977689
39.415873,4.495934
39.427483,4.6692259
39.439093,4.6842254
39.450703,4.4611425
39.462313,4.3407155
39.473923,4.9831626
39.485533,4.1711905
39.497143,4.6736659
39.508753,5.0854358
39.520363,4.9940461
39.531973,5.1122685
39.543583,5.7253399
39.555193,4.5159341
39.566803,5.1130173
39.578413,4.919726
39.590023,4.4004953
39.601633,4.7996404
39.613243,4.3111613
39.624853,4.9748315
39.636463,4.5305028
39.648073,5.0059247
39.659683,5.7957526
39.671293,6.8973932
39.682902,5.7123128
39.694512,5.550213
39.706122,6.6317592
39.717732,6.6509066
39.729342,5.6060575
39.740952,5.8812002
39.752562,5.4141493
39.764172,4.5657135
39.775782,4.5257184
39.787392,5.9194246
39.799002,4.4032718
39.810612,5.2751349
39.822222,4.0800652
39.833832,5.1091051
39.845442,4.0467867
39.857052,4.9032944
39.868662,3.5552956
39.880272,4.000144
39.891882,5.0493336
39.903492,4.1903378
39.915102,2.9604162
39.926712,4.0523284
39.938322,3.5476731
39.949932,3.4733008
39.961542,3.9182666
39.973152,3.1931296
39.984762,3.423814
39.996372,3.96025
40.007982,3.9021535
40.019592,2.8590112
40.031202,3.8349523
40.042812,2.89093
40.054422,3.3210262
40.066032,2.692079
40.077642,8.5869162
40.089252,10.432874
40.100862,8.8689467
40.112472,9.2581698
40.124082,9.3146966
40.135692,9.4026379
40.147302,9.3932648
40.158912,9.512298
40.170522,9.4559825
40.182132,8.7541115
40.193741,8.3242242
40.205351,8.0859277
40.216961,8.4212279
40.228571,8.9276836
40.240181,8.694039
40.251791,8.2260277
40.263401,8.1564427
40.275011,8.6211278
40.286621,8.6264992
40.298231,8.5048282
40.309841,8.3815626
40.321451,8.3104453
40.333061,7.7210648
40.344671,7.15256
40.356281,7.0152049
40.367891,7.0062426
40.379501,7.2050673
40.391111,6.8759564
40.402721,6.247986
40.414331,6.7220434
40.425941,6.9821905
40.437551,6.8018715
40.449161,10.073945
40.460771,13.398564
40.472381,14.894451
40.483991,13.763476
40.495601,14.478626
40.507211,13.247987
40.518821,13.134962
40.530431,12.745208
40.542041,12.411581
40.553651,12.791478
40.565261,12.164964
40.576871,12.242826
40.588481,12.029383
40.600091,11.614558
40.611701,10.973793
40.623311,10.721415
40.634921,10.185743
40.646531,9.9728359
40.658141,9.6168167
40.669751,9.4460397
40.681361,10.103908
40.692971,10.974827
40.70458,10.808598
40.71619,11.233228
40.7278,11.219009
40.73941,11.488295
40.75102,11.337537
40.76263,10.496932
40.77424,10.783562
40.78585,10.915177
40.79746,9.8703846
40.80907,9.8846026
40.82068,9.8825432
40.83229,8.991454
40.8439,8.5833516
40.85551,7.1875568
40.86712,7.9907469
40.87873,7.6456988
40.89034,6.1867574
40.90195,6.5947328
40.91356,6.7870131
40.92517,4.7097539
40.93678,7.3969039
40.94839,7.2516777
40.96,8.2501562
40.97161,7.9935515
40.98322,8.8435046
40.99483,8.9560005
41.00644,10.133132
41.01805,9.8047168
41.02966,9.3121499
41.04127,9.3903694
41.05288,8.3111626
41.06449,8.1945521
41.0761,7.6005841
41.08771,7.6563109
41.09932,7.5589382
41.11093,7.7614803
41.12254,7.3146243
41.13415,7.3805136
41.14576,8.2292965
41.15737,7.3120717
41.16898,8.5362559
41.18059,8.3503015
41.1922,8.5586462
41.20381,8.9619314
41.21542,7.7515954
41.227029,7.8930879
41.238639,7.3888758
41.250249,7.1045157
41.261859,6.746303
41.273469,6.8914461
41.285079,6.1336494
41.296689,6.3476904
41.308299,6.8054507
41.319909,5.7746451
41.331519,6.4522076
41.343129,6.2658253
41.354739,6.1489909
41.366349,6.6472124
41.377959,6.1058302
41.389569,5.9884242
41.401179,6.273869
41.412789,5.6113019
41.424399,8.1101852
41.436009,11.454247
41.447619,10.767387
41.459229,10.895075
41.470839,11.360668
41.482449,10.586952
41.494059,11.499281
41.505669,10.383259
41.517279,9.9970404
41.528889,12.062715
41.540499,9.695015
41.552109,8.6053125
41.563719,7.9655195
41.575329,7.3900588
41.586939,8.3060399
41.598549,6.9394421
41.610159,6.4205608
41.621769,5.730276
41.633379,9.6115753
41.644989,9.5447655
41.656599,8.7067482
41.668209,7.3513514
41.679819,9.5036982
41.691429,9.1765052
41.703039,9.6412591
41.714649,9.4448163
41.726259,8.523336
41.737868,8.3301346
41.749478,7.3142369
41.761088,8.4425516
41.772698,8.3888988
41.784308,8.2856762
41.795918,14.041343
41.807528,14.772306
41.819138,15.087743
41.830748,12.684571
41.842358,9.7516287
41.853968,9.7154477
41.865578,12.515958
41.877188,13.435809
41.888798,11.896871
41.900408,9.4410782
41.912018,9.394387
41.923628,9.0577158
41.935238,13.401986
41.946848,11.078262
41.958458,10.80536
41.970068,6.9614227
41.981678,7.8663844
41.993288,10.154226
42.004898,7.0398533
42.016508,8.2964234
42.028118,6.613594
42.039728,5.7263028
42.051338,7.1085099
42.062948,8.0984716
42.074558,6.4375423
42.086168,6.9634401
42.097778,6.8697052
42.109388,5.8423628
42.120998,7.0943749
42.132608,8.7692071
42.144218,8.5686692
42.155828,11.331566
42.167438,8.8135159
42.179048,11.110149
42.190658,10.397095
42.202268,9.7425575
42.213878,11.111264
42.225488,10.562963
42.237098,9.3417252
42.248707,10.029018
42.260317,8.9215861
42.271927,8.3105387
42.283537,7.9047686
42.295147,7.3564749
42.306757,6.7606734
42.318367,8.2458962
42.329977,7.1324099
42.341587,7.1504737
42.353197,7.1721321
42.364807,6.2949938
42.376417,7.5137901
42.388027,6.6571404
42.399637,6.2591103
42.411247,6.8167046
42.422857,5.065944
42.434467,5.2684051
42.446077,7.2774341
42.457687,9.5054418
42.469297,10.592499
42.480907,11.429647
42.492517,11.403587
42.504127,11.187244
42.515737,11.424298
42.527347,11.556606
42.538957,10.695564
42.550567,6.1934052
42.562177,8.55376
42.573787,10.679719
42.585397,10.390567
42.597007,10.843092
42.608617,10.063143
42.620227,10.508475
42.631837,10.960363
42.643447,9.3921538
42.655057,8.5099562
42.666667,8.8415769
42.678277,8.3885138
42.689887,6.9704336
42.701497,5.2755147
42.713107,5.7596897
42.724717,5.7979732
42.736327,5.6849496
42.747937,5.8694868
42.759546,6.4155476
42.771156,6.1020215
42.782766,4.9577508
42.794376,6.6439063
42.805986,6.5387973
42.817596,5.1511614
42.829206,5.6030544
42.840816,5.7460546
42.852426,4.7625673
42.864036,4.5195651
42.875646,5.6038556
42.887256,4.3821187
42.898866,4.1671394
42.910476,4.4249678
42.922086,5.2928977
42.933696,4.6326347
42.945306,4.088558
42.956916,4.6135936
42.968526,3.9995296
42.980136,4.0745061
42.991746,3.9105043
43.003356,3.6186846
43.014966,3.8164931
43.026576,3.4847368
43.038186,3.2901401
43.049796,3.4767498
43.061406,10.347432
43.073016,12.377432
43.084626,12.874591
43.096236,14.799318
43.107846,15.07283
43.119456,13.207399
43.131066,14.170985
43.142676,14.622404
43.154286,14.04433
43.165896,13.410837
43.177506,13.608393
43.189116,12.609972
43.200726,11.104989
43.212336,10.921118
43.223946,11.045342
43.235556,9.8923914
43.247166,8.8733168
43.258776,10.122805
43.270385,10.433629
43.281995,8.2635916
43.293605,9.2969517
43.305215,10.466958
43.316825,9.2725446
43.328435,8.3485032
43.340045,9.3485359
43.351655,9.3015747
43.363265,6.4315397
43.374875,7.7719571
43.386485,7.9132741
43.398095,7.0255494
43.409705,6.2567954
43.421315,7.1993029
43.432925,7.6820063
43.444535,6.4391062
43.456145,6.99168
43.467755,6.7191619
43.479365,6.3637827
43.490975,5.0764057
43.502585,4.6415549
43.514195,5.7502548
43.525805,7.8666907
43.537415,9.2370398
43.549025,8.4236021
43.560635,11.617597
43.572245,10.366325
43.583855,8.9513105
43.595465,11.19025
43.607075,11.003215
43.618685,10.406075
43.630295,10.132442
43.641905,10.695353
43.653515,9.7873584
43.665125,9.5766066
43.676735,10.887447
43.688345,9.0106937
43.699955,8.6736116
43.711565,9.5046026
43.723175,9.3429861
43.734785,8.0106028
43.746395,14.598332
43.758005,15.674206
43.769615,15.791695
43.781224,13.785452
43.792834,15.12596
43.804444,12.251675
43.816054,12.51928
43.827664,14.169014
43.839274,11.666558
43.850884,11.856971
43.862494,10.968258
43.874104,11.567714
43.885714,10.735216
43.897324,9.7040484
43.908934,11.489976
43.920544,9.9447108
43.932154,11.267878
43.943764,13.568934
43.955374,15.780274
43.966984,14.638384
43.978594,12.281025
43.990204,10.738162
44.001814,11.157567
44.013424,13.403595
44.025034,12.304172
44.036644,10.754424
44.048254,9.5322459
44.059864,10.208662
44.071474,12.248578
44.083084,10.890444
44.094694,8.039541
44.106304,12.116918
44.117914,10.562138
44.129524,11.639023
44.141134,13.992469
44.152744,7.5810397
44.164354,13.284982
44.175964,6.4080747
44.187574,12.71693
44.199184,10.808217
44.210794,8.9880994
44.222404,10.755263
44.234014,5.9420956
44.245624,11.525784
44.257234,8.0686671
44.268844,11.338205
44.280454,9.1330085
44.292063,12.247327
44.303673,16.590333
44.315283,17.879969
44.326893,17.20525
44.338503,17.303932
44.350113,16.490532
44.361723,16.215713
44.373333,15.727636
44.384943,15.838203
44.396553,15.590729
44.408163,15.42153
44.419773,15.094541
44.431383,15.079527
44.442993,14.019661
44.454603,13.682176
44.466213,12.832699
44.477823,12.620358
44.489433,12.903247
44.501043,13.722898
44.512653,14.366085
44.524263,13.516083
44.535873,12.992603
44.547483,12.206875
44.559093,11.370797
44.570703,12.22286
44.582313,10.17667
44.593923,9.3726518
44.605533,8.6935664
44.617143,8.9385625
44.628753,8.6639496
44.640363,7.8822512
44.651973,8.0896164
44.663583,7.7860247
44.675193,7.976698
44.686803,7.6689382
44.698413,7.5662882
44.710023,7.3481463
44.721633,7.7965372
44.733243,6.6749234
44.744853,6.883503
44.756463,7.0568832
44.768073,6.5126741
44.779683,8.0080252
44.791293,7.0697366
44.802902,7.2719607
44.814512,7.6304036
44.826122,7.23676
44.837732,7.09295
44.849342,6.3093507
44.860952,10.929399
44.872562,14.998383
44.884172,14.30232
44.895782,14.292371
44.907392,14.618159
44.919002,14.584741
44.930612,13.760202
44.942222,13.985606
44.953832,13.39601
44.965442,14.171292
44.977052,13.458683
44.988662,13.129332
45.000272,13.107201
45.011882,12.600881
45.023492,12.711394
45.035102,11.751979
45.046712,11.98256
45.058322,11.098715
45.069932,11.27295
45.081542,11.021036
45.093152,11.723783
45.104762,10.536482
45.116372,10.358418
45.127982,10.089165
45.139592,9.5581737
45.151202,8.7142942
45.162812,7.6863135
45.174422,7.4926977
45.186032,7.3168241
45.197642,7.42137
45.209252,6.8502996
45.220862,7.3005869
45.232472,6.2448698
45.244082,6.29224
45.255692,5.1730187
45.267302,5.8993795
45.278912,5.2869246
45.290522,5.7234029
45.302132,4.979309
45.313741,5.4220151
45.325351,5.3116996
45.336961,5.0862478
45.348571,5.9435721
45.360181,4.7213092
45.371791,5.576336
45.383401,5.6100023
45.395011,5.163449
45.406621,4.7240202
45.418231,5.0601606
45.429841,4.9803108
45.441451,5.4832821
45.453061,4.9792206
45.464671,5.1302362
45.476281,5.3481734
45.487891,4.6073261
45.499501,5.3558723
45.511111,9.254387
45.522721,10.802579
45.534331,9.7396585
45.545941,9.5702934
45.557551,9.8382803
45.569161,9.8632388
45.580771,9.9364434
45.592381,10.421498
45.603991,9.8201302
45.615601,9.0072812
45.627211,9.3293002
45.638821,8.8473025
45.650431,9.0945427
45.662041,9.8781564
45.673651,9.3959313
45.685261,9.0238577
45.696871,9.0988858
45.708481,9.1895809
45.720091,9.5882502
45.731701,9.1082023
45.743311,11.003073
45.754921,13.23465
45.766531,12.715386
45.778141,12.694486
45.789751,12.351655
45.801361,12.042991
45.812971,11.854172
45.82458,11.918828
45.83619,11.248121
45.8478,11.500147
45.85941,10.784765
45.87102,11.248495
45.88263,10.173588
45.89424,9.9820897
45.90585,9.7180268
45.91746,8.9522887
45.92907,9.1709658
45.94068,12.834927
45.95229,7.9862631
45.9639,12.256772
45.97551,6.5820075
45.98712,12.246492
45.99873,7.2009292
46.01034,11.748108
46.02195,8.5619154
46.03356,9.2908059
46.04517,9.2113695
46.05678,7.4327366
46.06839,9.1325778
46.08,6.1456402
46.09161,8.611655
46.10322,5.3758563
46.11483,7.922826
46.12644,6.0143899
46.13805,7.3229312
46.14966,6.2962599
46.16127,7.0276931
46.17288,6.2316989
46.18449,6.9411854
46.1961,7.5271033
46.20771,6.7674818
46.21932,7.3589827
46.23093,6.2239764
46.24254,7.8017077
46.25415,6.8759447
46.26576,8.1890661
46.27737,5.8877012
46.28898,7.6629016
46.30059,6.8267809
46.3122,7.6451852
46.32381,7.0010695
46.33542,6.7870969
46.347029,6.7245249
46.358639,5.1811599
46.370249,6.0265369
46.381859,4.9105683
46.393469,6.2730696
46.405079,7.2913992
46.416689,7.7186333
46.428299,8.4087291
46.439909,7.9335132
46.451519,7.331023
46.463129,8.0287982
46.474739,7.3344629
46.486349,7.4390379
46.497959,6.7162702
46.509569,7.0792814
46.521179,7.1623072
46.532789,6.9928759
46.544399,7.4331688
46.556009,6.6754495
46.567619,7.2586643
46.579229,6.9319172
46.590839,7.0197074
46.602449,6.9989623
46.614059,6.4075549
46.625669,6.3441494
46.637279,9.2143572
46.648889,10.641745
46.660499,12.144101
46.672109,10.231358
46.683719,12.10961
46.695329,11.054441
46.706939,10.795268
46.718549,11.448741
46.730159,9.5267028
46.741769,11.389241
46.753379,9.8617011
46.764989,8.0306289
46.776599,8.8995351
46.788209,7.0844017
46.799819,7.0319304
46.811429,7.7067724
46.823039,5.8458236
46.834649,6.1502331
46.846259,5.2724847
46.857868,6.2250507
46.869478,4.9075931
46.881088,8.472773
46.892698,8.23175
46.904308,8.5474644
46.915918,9.6160227
46.927528,9.1012552
46.939138,8.3526063
46.950748,7.4079001
46.962358,8.2903328
46.973968,7.4158911
46.985578,8.5312882
46.997188,8.4414669
47.008798,7.4164715
47.020408,7.3309129
47.032018,7.2825573
47.043628,8.2449291
47.055238,7.9693958
47.066848,8.5344491
47.078458,7.2624448
47.090068,6.8516598
47.101678,7.4855556
47.113288,6.911763
47.124898,8.1080563
47.136508,6.2810709
47.148118,7.2496634
47.159728,13.019018
47.171338,13.057244
47.182948,13.521844
47.194558,11.031942
47.206168,8.5755387
47.217778,10.532369
47.229388,11.798347
47.240998,11.503453
47.252608,10.84897
47.264218,7.6226586
47.275828,7.221094
47.287438,8.3966829
47.299048,8.9146231
47.310658,9.0785141
47.322268,7.5931475
47.333878,7.0464698
47.345488,7.6998447
47.357098,8.5281712
47.368707,8.7845778
47.380317,7.1914474
47.391927,6.0417439
47.403537,5.9203236
47.415147,6.5414513
47.426757,7.0382209
47.438367,7.2984479
47.449977,7.8813885
47.461587,7.4351516
47.473197,6.6557441
47.484807,6.4853521
47.496417,6.8252321
47.508027,6.9158825
47.519637,6.5813793
47.531247,6.4464074
47.542857,5.8521528
47.554467,5.7295813
47.566077,4.8923178
47.577687,4.872462
47.589297,5.4512498
47.600907,4.7006119
47.612517,4.9309335
47.624127,5.0377686
47.635737,4.3279638
47.647347,3.4243023
47.658957,3.9333876
47.670567,4.373033
47.682177,4.0679621
47.693787,4.4748837
47.705397,3.9135923
47.717007,3.7895672
47.728617,3.9718207
47.740227,3.7129748
47.751837,3.6834682
47.763447,3.8770143
47.775057,3.8660583
47.786667,3.5171992
47.798277,3.3784508
47.809887,3.6380989
47.821497,3.2374193
47.833107,3.2134987
47.844717,3.3378963
47.856327,3.6318546
47.867937,3.6730402
47.879546,3.3423104
47.891156,3.3895262
47.902766,3.0366043
47.914376,3.2736773
47.925986,3.515563
47.937596,3.278265
47.949206,2.841412
47.960816,3.4238728
47.972426,3.6251645
47.984036,3.2244177
47.995646,3.2234817
48.007256,3.0581132
48.018866,2.9277478
48.030476,2.7044866
48.042086,2.6628441
48.053696,2.3662768
48.065306,2.6755507
48.076916,2.7231223
48.088526,1.9651815
48.100136,2.1157545
48.111746,2.1140421
48.123356,2.0273348
48.134966,2.1212715
48.146576,2.0223436
48.158186,1.7932676
48.169796,2.1171182
48.181406,1.9055654
48.193016,1.8892298
48.204626,2.5112376
48.216236,7.7031306
48.227846,6.0057687
48.239456,7.3708508
48.251066,8.0200398
48.262676,7.8746627
48.274286,7.8280155
48.285896,7.8854202
48.297506,8.2368242
48.309116,7.8802175
48.320726,8.0284228
48.332336,7.680495
48.343946,8.0961898
48.355556,7.6566412
48.367166,7.2305392
48.378776,7.2709752
48.390385,7.2026435
48.401995,7.0417836
48.413605,6.9448037
48.425215,6.9496985
48.436825,6.6339866
48.448435,6.3205888
48.460045,6.1141103
48.471655,6.3949652
48.483265,6.2348658
48.494875,6.0248763
48.506485,5.8099439
48.518095,6.0766015
48.529705,6.2889935
48.541315,6.2867975
48.552925,5.9662959
48.564535,5.9658058
48.576145,6.0073463
48.587755,5.9410073
48.599365,5.8059185
48.610975,5.6199379
48.622585,5.4527555
48.634195,5.540901
48.645805,5.6263133
48.657415,5.2808617
48.669025,4.7414049
48.680635,7.8961473
48.692245,7.2393993
48.703855,10.821299
48.715465,10.502605
48.727075,8.1540177
48.738685,9.9933281
48.750295,10.837166
48.761905,9.0588363
48.773515,9.2434345
48.785125,10.495926
48.796735,7.8269931
48.808345,10.726815
48.819955,10.654347
48.831565,5.4018424
48.843175,11.156052
48.854785,11.740057
48.866395,6.4072872
48.878005,12.420614
48.889615,13.083871
48.901224,8.738502
48.912834,9.6998328
48.924444,13.385585
48.936054,11.036495
48.947664,13.476264
48.959274,12.742796
48.970884,9.4400938
48.982494,13.277395
48.994104,9.6833717
49.005714,7.6116442
49.017324,11.006148
49.028934,10.40922
49.040544,9.2969119
49.052154,8.803166
49.063764,9.3731421
49.075374,10.32023
49.086984,8.8375702
49.098594,7.6786799
49.110204,8.1839389
49.121814,8.170799
49.133424,7.1735223
49.145034,7.8509206
49.156644,8.2179734
49.168254,7.0675669
49.179864,7.4954138
49.191474,7.7466722
49.203084,7.3275212
49.214694,6.5352177
49.226304,7.1145087
49.237914,7.1742822
49.249524,6.2919495
49.261134,6.2658957
49.272744,8.0112895
49.284354,7.2527888
49.295964,5.9174569
49.307574,7.8715318
49.319184,6.9241177
49.330794,5.4147727
49.342404,9.6499527
49.354014,10.672525
49.365624,6.2836526
49.377234,7.6404412
49.388844,10.116403
49.400454,7.3202296
49.412063,5.0722369
49.423673,9.3339304
49.435283,8.4545796
49.446893,5.9517589
49.458503,5.4161744
49.470113,7.4465762
49.481723,6.6233186
49.493333,5.664181
49.504943,5.7334435
49.516553,6.6653544
49.528163,5.480344
49.539773,4.9742115
49.551383,6.0267451
49.562993,4.8687156
49.574603,8.4885957
49.586213,8.8285937
49.597823,7.5017233
49.609433,11.571988
49.621043,9.34851
49.632653,11.032159
49.644263,8.9878104
49.655873,11.79394
49.667483,8.9510988
49.679093,10.310419
49.690703,9.454179
49.702313,10.38659
49.713923,9.9216138
49.725533,9.0625789
49.737143,10.052298
49.748753,8.9110455
49.760363,9.1589707
49.771973,8.5212453
49.783583,9.8476267
49.795193,8.0791362
49.806803,9.2303897
49.818413,8.0661615
49.830023,9.2336236
49.841633,7.8032986
49.853243,8.4526428
49.864853,7.9161749
49.876463,8.3120782
49.888073,7.6108658
49.899683,7.4786825
49.911293,8.4693645
49.922902,7.384856
49.934512,7.0391419
49.946122,6.8071017
49.957732,7.7620435
49.969342,6.6184578
49.980952,6.7265074
49.992562,6.5436033
50.004172,7.095769
50.015782,6.4629425
50.027392,5.8697976
50.039002,6.6453378
50.050612,6.4739421
50.062222,6.3336629
50.073832,7.7228297
50.085442,12.239709
50.097052,11.396805
50.108662,9.2721593
50.120272,11.036737
50.131882,10.468563
50.143492,9.6346578
50.155102,9.6366495
50.166712,9.5508745
50.178322,9.6038739
50.189932,7.4510776
50.201542,8.2642068
50.213152,8.561757
50.224762,8.0314648
50.236372,8.2043607
50.247982,7.2542367
50.259592,7.9349708
50.271202,8.0293713
50.282812,7.6035829
50.294422,6.9918021
50.306032,6.6630506
50.317642,6.7000512
50.329252,5.6471964
50.340862,5.8033424
50.352472,6.2353476
50.364082,5.1163688
50.375692,5.2672301
50.387302,4.958634
50.398912,5.2771672
50.410522,5.1401786
50.422132,4.4233556
50.433741,3.9235909
50.445351,4.5885232
50.456961,4.2347301
50.468571,4.5360874
50.480181,4.4213661
50.491791,4.269881
50.503401,4.4616524
50.515011,4.5408833
50.526621,4.5034868
50.538231,4.6103741
50.549841,4.4779095
50.561451,4.6512881
50.573061,4.6906137
50.584671,4.4290295
50.596281,4.9599603
50.607891,4.5813539
50.619501,4.9759824
50.631111,4.9057244
50.642721,4.521339
50.654331,5.1193011
50.665941,4.8233094
50.677551,5.0900844
50.689161,5.0334264
50.700771,4.9631063
50.712381,5.2693035
50.723991,4.8559904
50.735601,5.0352053
50.747211,4.9358734
50.758821,4.7422334
50.770431,5.2776395
50.782041,4.9007515
50.793651,4.9512641
50.805261,4.8508943
50.816871,4.6444241
50.828481,4.9589415
50.840091,4.8416047
50.851701,4.8560456
50.863311,4.6393363
50.874921,4.4386752
50.886531,4.5270776
50.898141,4.4059608
50.909751,4.4095172
50.921361,4.2264276
50.932971,4.065741
50.94458,4.1828572
50.95619,4.1540121
50.9678,4.169735
50.97941,4.0705542
50.99102,3.8645004
51.00263,3.7785276
51.01424,3.8303891
51.02585,3.8668964
51.03746,4.9144553
51.04907,7.5543244
51.06068,7.2095745
51.07229,7.2857759
51.0839,7.1221731
51.09551,6.7472146
51.10712,6.9350878
51.11873,7.7710382
51.13034,7.7989089
51.14195,5.9062808
51.15356,6.6691211
51.16517,6.5508016
51.17678,6.4822888
51.18839,5.9546993
51.2,4.9823266
51.21161,6.1524824
51.22322,5.9049616
51.23483,6.1738958
51.24644,6.011781
51.25805,5.028636
51.26966,5.524001
51.28127,4.990731
51.29288,5.1004563
51.30449,5.3740265
51.3161,4.1800408
51.32771,4.9015594
51.33932,5.1213891
51.35093,4.6242833
51.36254,4.8250497
51.37415,3.809156
51.38576,4.5118528
51.39737,5.2375493
51.40898,4.2746624
51.42059,4.7195698
51.4322,3.8785046
51.44381,3.8925849
51.45542,4.8477325
51.467029,3.7837213
51.478639,4.0507559
51.490249,3.6533472
51.501859,3.6871528
51.513469,4.431032
51.525079,3.4082821
51.536689,3.5195114
51.548299,3.2862626
51.559909,3.132226
51.571519,3.6088251
51.583129,2.9222112
51.594739,2.7979242
51.606349,3.2844442
51.617959,3.1162791
51.629569,3.60441
51.641179,2.8519505
51.652789,2.5750871
51.664399,3.1367312
51.676009,2.9902997
51.687619,3.4745882
51.699229,2.7312416
51.710839,2.5159415
51.722449,2.8901647
51.734059,2.8397152
51.745669,3.3215116
51.757279,2.7811568
51.768889,2.3847805
51.780499,2.7527903
51.792109,2.587838
51.803719,2.9481876
51.815329,2.5728595
51.826939,2.3186478
51.838549,2.6491909
51.850159,2.4649725
51.861769,3.0187031
51.873379,2.6112447
51.884989,2.4438008
51.896599,2.5813683
51.908209,2.3579336
51.919819,2.7327588
51.931429,2.5971565
51.943039,2.4703916
51.954649,2.3906991
51.966259,2.2299729
51.977868,2.7277297
51.989478,2.5933054
52.001088,2.3207072
52.012698,2.4091302
52.024308,2.2171137
52.035918,2.747273
52.047528,2.5996313
52.059138,2.2496868
52.070748,2.3631162
52.082358,2.1267442
52.093968,2.6031212
52.105578,2.4182252
52.117188,2.2207517
52.128798,2.2316548
52.140408,2.1010818
52.152018,2.5800764
52.163628,2.3608765
52.175238,2.2014542
52.186848,2.2221516
52.198458,3.3962137
52.210068,4.4075649
52.221678,4.4751501
52.233288,4.6874502
52.244898,4.4653483
52.256508,4.6494537
52.268118,4.4431833
52.279728,4.8607255
52.291338,5.2271452
52.302948,5.4313766
52.314558,5.0544825
52.326168,5.4022423
52.337778,5.57734
52.349388,4.5777378
52.360998,4.9122839
52.372608,5.3333799
52.384218,5.323689
52.395828,4.9106852
52.407438,5.4152854
52.419048,4.9858578
52.430658,4.3739746
52.442268,4.4995015
52.453878,4.2950735
52.465488,3.9737861
52.477098,4.3966128
52.488707,4.2440472
52.500317,4.0678979
52.511927,4.3242194
52.523537,4.1957193
52.535147,4.0235348
52.546757,3.954514
52.558367,4.0557405
52.569977,3.9817756
52.581587,3.9611853
52.593197,3.6502246
52.604807,3.5304375
52.616417,3.2429922
52.628027,3.2069025
52.639637,3.250639
52.651247,3.2890276
52.662857,3.1392882
52.674467,5.3246293
52.686077,5.5224508
52.697687,5.1873949
52.709297,5.5846394
52.720907,5.4472029
52.732517,5.2244569
52.744127,5.4847131
52.755737,4.4237265
52.767347,5.0584381
52.778957,4.1250696
52.790567,3.2877589
52.802177,4.5933431
52.813787,4.1567352
52.825397,3.6164516
52.837007,4.5119034
52.848617,3.7128978
52.860227,3.4968005
52.871837,4.8581365
52.883447,4.5281152
52.895057,3.6200412
52.906667,4.0456977
52.918277,4.5999227
52.929887,3.6930983
52.941497,4.096624
52.953107,4.3280045
52.964717,4.285313
52.976327,3.6578786
52.987937,4.2541946
52.999546,4.4546618
53.011156,4.2509679
53.022766,4.5398809
53.034376,4.3077505
53.045986,3.9808898
53.057596,4.0458728
53.069206,3.8092384
53.080816,3.7691273
53.092426,4.0131076
53.104036,3.6746927
53.115646,3.6324207
53.127256,3.9748493
53.138866,3.7237456
53.150476,3.8951308
53.162086,3.8285456
53.173696,3.7194998
53.185306,3.8696592
53.196916,3.6040406
53.208526,3.8132897
53.220136,3.7868199
53.231746,3.4271541
53.243356,3.5919732
53.254966,3.6767295
53.266576,3.6374998
53.278186,3.5645532
53.289796,3.4289327
53.301406,3.6758586
53.313016,3.4083542
53.324626,3.2652503
53.336236,4.6442104
53.347846,4.7404702
53.359456,5.1143736
53.371066,5.8355677
53.382676,4.545356
53.394286,4.5050595
53.405896,5.5394149
53.417506,5.6979825
53.429116,4.7004801
53.440726,4.637468
53.452336,5.0730528
53.463946,5.781128
53.475556,4.9891486
53.487166,4.89914
53.498776,4.2211606
53.510385,4.2586677
53.521995,4.3746686
53.533605,5.228544
53.545215,4.3533192
53.556825,3.5110576
53.568435,3.7467666
53.580045,4.552584
53.591655,4.8431359
53.603265,4.366741
53.614875,3.9858845
53.626485,3.5475003
53.638095,4.2067405
53.649705,5.0642508
53.661315,4.418081
53.672925,3.1964245
53.684535,3.482434
53.696145,4.5585039
53.707755,4.5417834
53.719365,4.0354709
53.730975,3.9213468
53.742585,3.3284007
53.754195,3.4080834
53.765805,4.0978426
53.777415,4.1101945
53.789025,3.1986888
53.800635,2.8354987
53.812245,3.5081393
53.823855,3.6899156
53.835465,4.3072916
53.847075,3.4226093
53.858685,3.9181011
53.870295,4.1108851
53.881905,3.3679387
53.893515,3.641164
53.905125,3.3556496
53.916735,3.3765795
53.928345,3.8241517
53.939955,3.7660171
53.951565,3.1190505
53.963175,3.4750251
53.974785,3.1076632
53.986395,3.5734222
53.998005,3.613682
54.009615,2.750546
54.021224,2.8026353
54.032834,3.1746661
54.044444,2.8564447
54.056054,3.4166615
54.067664,4.6497792
54.079274,5.0107466
54.090884,5.1453295
54.102494,6.1911377
54.114104,5.8482087
54.125714,5.0985092
54.137324,5.6376157
54.148934,5.450212
54.160544,5.2470019
54.172154,6.1256767
54.183764,5.2173095
54.195374,4.7682455
54.206984,4.7766284
54.218594,4.4790973
54.230204,4.4296471
54.241814,4.2768284
54.253424,4.185605
54.265034,4.2781246
54.276644,4.7040894
54.288254,4.4657918
54.299864,5.7433226
54.311474,5.5732739
54.323084,6.7020141
54.334694,7.0669677
54.346304,5.2699615
54.357914,7.1121666
54.369524,4.3149585
54.381134,6.7290196
54.392744,5.892555
54.404354,5.4089953
54.415964,6.4875371
54.427574,3.7754824
54.439184,6.3439944
54.450794,4.6561421
54.462404,4.9760036
54.474014,5.0763825
54.485624,4.7992153
54.497234,5.0814083
54.508844,4.6902522
54.520454,5.908592
54.532063,3.805943
54.543673,5.3005263
54.555283,4.7409403
54.566893,4.8967252
54.578503,4.6265303
54.590113,3.7769197
54.601723,4.6333094
54.613333,4.4723004
54.624943,4.5149866
54.636553,4.4709109
54.648163,3.7619522
54.659773,5.2274619
54.671383,3.1858887
54.682993,4.7298565
54.694603,3.8825043
54.706213,3.9374161
54.717823,4.8467217
54.729433,6.2724651
54.741043,7.4310942
54.752653,6.9239403
54.764263,8.141749
54.775873,7.1645842
54.787483,7.8738472
54.799093,8.7563775
54.810703,7.7923868
54.822313,8.4122252
54.833923,5.7722864
54.845533,5.7366237
54.857143,5.6119728
54.868753,7.3531678
54.880363,7.1199567
54.891973,6.5013607
54.903583,5.5975013
54.915193,4.8681898
54.926803,6.2450157
54.938413,5.1217772
54.950023,5.8066774
54.961633,4.8525326
54.973243,5.7210716
54.984853,4.4577391
54.996463,4.6441007
55.008073,5.2260797
55.019683,4.7206818
55.031293,5.702343
55.042902,4.0858293
55.054512,4.2810262
55.066122,4.742627
55.077732,4.1302775
55.089342,4.772617
55.100952,4.1707909
55.112562,3.3430884
55.124172,4.214435
55.135782,3.6510965
55.147392,5.130381
55.159002,4.7790809
55.170612,4.5383091
55.182222,4.958207
55.193832,4.5464449
55.205442,4.4203227
55.217052,5.1992118
55.228662,4.634439
55.240272,4.5229187
55.251882,4.8387134
55.263492,4.4399587
55.275102,4.6457813
55.286712,4.5490287
55.298322,4.3834746
55.309932,4.6315575
55.321542,5.6629152
55.333152,5.3518338
55.344762,4.527036
55.356372,4.8586593
55.367982,5.6244034
55.379592,4.7725079
55.391202,6.0446626
55.402812,4.6223228
55.414422,4.3527704
55.426032,4.8665474
55.437642,4.5397924
55.449252,4.9159218
55.460862,9.1662152
55.472472,7.901253
55.484082,8.636562
55.495692,10.081984
55.507302,10.29362
55.518912,9.1799264
55.530522,9.1344055
55.542132,10.532339
55.553741,9.6154486
55.565351,10.314203
55.576961,9.4767005
55.588571,10.249834
55.600181,9.8066718
55.611791,8.8664864
55.623401,8.3329001
55.635011,11.45943
55.646621,9.085201
55.658231,13.47071
55.669841,8.3043669
55.681451,12.030406
55.693061,8.3939089
55.704671,11.322002
55.716281,8.0509081
55.727891,10.094888
55.739501,7.3237972
55.751111,9.2283462
55.762721,8.324466
55.774331,7.4816653
55.785941,8.0987053
55.797551,6.5067766
55.809161,8.1042741
55.820771,5.1385607
55.832381,7.9635575
55.843991,5.3722952
55.855601,7.7268365
55.867211,4.9588285
55.878821,6.9220557
55.890431,5.1345461
55.902041,6.0058973
55.913651,5.4730135
55.925261,5.3837646
55.936871,5.3443552
55.948481,4.9920025
55.960091,5.5036972
55.971701,4.2884791
55.983311,5.8503972
55.994921,3.8904168
56.006531,4.375025
56.018141,4.265112
56.029751,5.222171
56.041361,3.9649932
56.052971,3.9150415
56.06458,3.9834275
56.07619,3.4434246
56.0878,4.9072445
56.09941,3.944146
56.11102,4.5172066
56.12263,3.8502562
56.13424,4.551498
56.14585,3.9230391
56.15746,4.0880801
56.16907,4.1878294
56.18068,4.3370822
56.19229,4.2924646
56.2039,3.8282024
56.21551,4.0615123
56.22712,3.9015161
56.23873,3.8216449
56.25034,3.8945074
56.26195,3.8064715
56.27356,3.8461719
56.28517,3.8146564
56.29678,3.8188359
56.30839,3.5869213
56.32,3.7346925
56.33161,3.4118123
56.34322,5.6802382
56.35483,6.9932561
56.36644,5.5957661
56.37805,6.0124818
56.38966,4.7962795
56.40127,5.3287047
56.41288,6.1366812
56.42449,6.4581152
56.4361,6.5924422
56.44771,5.1739813
56.45932,4.8104425
56.47093,5.012568
56.48254,4.6606807
56.49415,5.2327802
56.50576,5.8014024
56.51737,5.8991595
56.52898,4.654895
56.54059,3.643644
56.5522,4.0948675
56.56381,5.2679773
56.57542,5.708922
56.587029,5.6500666
56.598639,4.7057377
56.610249,3.6558196
56.621859,3.7097171
56.633469,4.2367323
56.645079,4.8824166
56.656689,4.9298676
56.668299,4.1501963
56.679909,4.0150513
56.691519,3.6271369
56.703129,4.3046553
56.714739,4.4975277
56.726349,4.0882273
56.737959,3.6963234
56.749569,3.9299748
56.761179,3.9631702
56.772789,5.5769696
56.784399,4.0322911
56.796009,5.5379465
56.807619,5.4226077
56.819229,6.0659888
56.830839,5.6992194
56.842449,5.4432028
56.854059,5.8189848
56.865669,4.6994841
56.877279,5.670728
56.888889,5.2665507
56.900499,4.8722249
56.912109,5.6022773
56.923719,5.1771643
56.935329,5.9086753
56.946939,4.5106964
56.958549,4.2625246
56.970159,5.4116191
56.981769,3.688015
56.993379,5.2295289
57.004989,4.3976971
57.016599,3.6763124
57.028209,5.6399496
57.039819,4.3898191
57.051429,5.285207
57.063039,3.8797769
57.074649,4.8021503
57.086259,7.0629826
57.097868,5.8337951
57.109478,7.1317855
57.121088,5.7993457
57.132698,5.7515813
57.144308,7.2175863
57.155918,4.9295294
57.167528,7.0940933
57.179138,5.2567069
57.190748,6.1672549
57.202358,5.3860207
57.213968,5.1809871
57.225578,4.8635986
57.237188,5.1239127
57.248798,5.1192784
57.260408,5.3686499
57.272018,5.1109882
57.283628,5.5809494
57.295238,5.244115
57.306848,4.9103675
57.318458,4.6687372
57.330068,4.5916738
57.341678,4.3500226
57.353288,4.7877472
57.364898,4.5858428
57.376508,4.7913279
57.388118,4.5686842
57.399728,4.7522498
57.411338,4.5618539
57.422948,4.230895
57.434558,4.1625058
57.446168,4.1337344
57.457778,4.2541877
57.469388,4.1732209
57.480998,3.8247658
57.492608,3.2472491
57.504218,3.0682747
57.515828,3.314683
57.527438,3.1061101
57.539048,3.3697675
57.550658,3.5593543
57.562268,3.4488175
57.573878,3.651095
57.585488,4.3179658
57.597098,3.0692847
57.608707,3.4700851
57.620317,4.0109843
57.631927,3.5124974
57.643537,4.0612352
57.655147,3.569557
57.666757,3.4861382
57.678367,3.7858075
57.689977,3.8924064
57.701587,3.4429599
57.713197,3.7369883
57.724807,3.298505
57.736417,3.3637585
57.748027,2.9209549
57.759637,3.0256653
57.771247,3.2157022
57.782857,3.1529301
57.794467,3.0486942
57.806077,2.5763811
57.817687,3.3849794
57.829297,3.234441
57.840907,3.4644393
57.852517,3.8541427
57.864127,3.0276572
57.875737,4.1501141
57.887347,6.8035217
57.898957,8.0216247
57.910567,8.4431491
57.922177,8.3423149
57.933787,7.8588043
57.945397,9.2660247
57.957007,8.4318087
57.968617,7.4324456
57.980227,7.3814811
57.991837,8.160187
58.003447,7.2061783
58.015057,7.2476161
58.026667,5.6947111
58.038277,6.1548639
58.049887,6.0491994
58.061497,6.1467577
58.073107,6.1359574
58.084717,5.9730006
58.096327,6.0554816
58.107937,5.6533678
58.119546,5.4359805
58.131156,4.9194214
58.142766,5.2792865
58.154376,5.089607
58.165986,5.7029007
58.177596,6.0969162
58.189206,6.7643529
58.200816,7.0102546
58.212426,7.1592076
58.224036,6.0986312
58.235646,6.1410571
58.247256,5.4145277
58.258866,5.1970559
58.270476,5.927654
58.282086,6.1081397
58.293696,7.4944662
58.305306,6.7473859
58.316916,8.4403278
58.328526,8.862909
58.340136,8.7065731
58.351746,8.4926181
58.363356,7.5871066
58.374966,7.8120045
58.386576,7.0344716
58.398186,8.0683275
58.409796,7.4111295
58.421406,7.4126814
58.433016,8.9961529
58.444626,8.2420153
58.456236,6.928995
58.467846,6.2584737
58.479456,6.9725948
58.491066,6.4907269
58.502676,5.6402142
58.514286,7.2168281
58.525896,5.4960175
58.537506,7.5979391
58.549116,5.7513932
58.560726,7.3176491
58.572336,6.1505372
58.583946,6.2277396
58.595556,7.3667246
58.607166,6.548945
58.618776,8.1650681
58.630385,6.1637307
58.641995,5.8555169
58.653605,8.3967461
58.665215,8.9052559
58.676825,8.0154856
58.688435,5.8661553
58.700045,5.6355676
58.711655,7.7759075
58.723265,9.4073992
58.734875,8.1306945
58.746485,5.7309499
58.758095,6.7355329
58.769705,8.2891334
58.781315,9.8175502
58.792925,8.1432934
58.804535,7.6695248
58.816145,7.4827839
58.827755,7.0190307
58.839365,6.6971962
58.850975,6.7717911
58.862585,7.2753192
58.874195,6.7017683
58.885805,8.3847205
58.897415,5.6493524
58.909025,5.2924391
58.920635,6.3147715
58.932245,5.6061508
58.943855,6.1730191
58.955465,5.5775285
58.967075,5.3041908
58.978685,7.0027568
58.990295,5.6694167
59.001905,5.5102408
59.013515,6.3235249
59.025125,7.7296845
59.036735,4.5204225
59.048345,5.0461458
59.059955,5.4085194
59.071565,6.0419991
59.083175,5.9223962
59.094785,5.273138
59.106395,5.3034108
59.118005,4.6842428
59.129615,5.8732728
59.141224,5.0587481
59.152834,5.8048439
59.164444,5.7140038
59.176054,4.4398397
59.187664,5.0731062
59.199274,5.7015613
59.210884,5.4928455
59.222494,4.4572049
59.234104,4.5385324
59.245714,4.871782
59.257324,5.0060741
59.268934,4.5691829
59.280544,3.9890879
59.292154,4.6125727
59.303764,6.043064
59.315374,6.8752411
59.326984,8.1775577
59.338594,6.6386573
59.350204,6.6390224
59.361814,6.6285018
59.373424,6.2616374
59.385034,5.5931542
59.396644,5.4366341
59.408254,5.2069989
59.419864,6.2572764
59.431474,5.0248336
59.443084,5.7278264
59.454694,6.1850809
59.466304,6.9465693
59.477914,7.1451457
59.489524,6.2715264
59.501134,6.55434
59.512744,6.1189451
59.524354,6.1964058
59.535964,6.8876815
59.547574,5.6190598
59.559184,6.3842715
59.570794,5.9227336
59.582404,6.55019
59.594014,6.6255986
59.605624,5.8136126
59.617234,6.5297145
59.628844,6.2061032
59.640454,6.3410624
59.652063,6.1756648
59.663673,5.8244362
59.675283,6.0658938
59.686893,6.3680085
59.698503,6.4478153
59.710113,5.8502773
59.721723,5.2193909
59.733333,5.6013681
59.744943,5.7594709
59.756553,6.5392786
59.768163,6.2610335
59.779773,5.4718357
59.791383,5.1607645
59.802993,4.7815923
59.814603,5.3129044
59.826213,5.7716046
59.837823,4.9302208
59.849433,5.0289104
59.861043,4.5588883
59.872653,4.6751252
59.884263,4.9479958
59.895873,4.5784284
59.907483,4.6705384
59.919093,3.7635673
59.930703,3.8600536
59.942313,4.2253953
59.953923,4.0770577
59.965533,4.5526045
59.977143,3.7865153
59.988753,3.6702443
60.000363,3.659623
60.011973,3.4723147
60.023583,3.7021883
60.035193,5.5768498
60.046803,4.896504
60.058413,5.6124231
60.070023,5.8354229
60.081633,5.1713713
60.093243,6.4892056
60.104853,4.9523656
60.116463,5.5505553
60.128073,5.2840271
60.139683,4.3256306
60.151293,6.4803061
60.162902,4.324244
60.174512,5.6922845
60.186122,5.0724903
60.197732,3.2550307
60.209342,5.2701874
60.220952,3.4911269
60.232562,4.666097
60.244172,4.6024528
60.255782,3.3514038
60.267392,5.1606598
60.279002,3.3099895
60.290612,4.8359268
60.302222,4.5375513
60.313832,3.5454973
60.325442,5.4589859
60.337052,2.8126499
60.348662,5.2455902
60.360272,4.3895898
60.371882,3.1516543
60.383492,4.6850567
60.395102,2.8959583
60.406712,4.8541015
60.418322,3.9602135
60.429932,3.5039514
60.441542,4.4124596
60.453152,3.1910511
60.464762,4.3214646
60.476372,3.7379101
60.487982,2.9841308
60.499592,4.1828563
60.511202,3.2025092
60.522812,3.7700664
60.534422,3.8929214
60.546032,2.7768036
60.557642,4.1864002
60.569252,5.6467461
60.580862,6.4999778
60.592472,5.7022728
60.604082,5.7763149
60.615692,5.8261123
60.627302,4.7852309
60.638912,5.8090817
60.650522,5.7155115
60.662132,5.9649543
60.673741,6.0248596
60.685351,5.1208256
60.696961,5.0993648
60.708571,4.1272751
60.720181,4.6928755
60.731791,6.3208799
60.743401,6.5478659
60.755011,7.0257754
60.766621,5.9432382
60.778231,6.1392458
60.789841,6.1257674
60.801451,6.1893307
60.813061,6.7019721
60.824671,6.1777344
60.836281,7.0781004
60.847891,5.1473895
60.859501,5.4919566
60.871111,6.3702499
60.882721,5.4568813
60.894331,6.4386556
60.905941,4.8934755
60.917551,5.6012691
60.929161,5.8278332
60.940771,5.007506
60.952381,5.1915277
60.963991,3.7371505
60.975601,5.6015032
60.987211,4.6406629
60.998821,5.5570816
61.010431,4.6434251
61.022041,4.2206748
61.033651,3.9576348
61.045261,5.0698673
61.056871,7.1578783
61.068481,8.6736604
61.080091,8.5172434
61.091701,8.1246312
61.103311,6.797724
61.114921,9.5082248
61.126531,9.9549693
61.138141,8.268634
61.149751,8.8620819
61.161361,7.1818709
61.172971,8.4352742
61.18458,7.1950259
61.19619,7.0694907
61.2078,6.2195245
61.21941,8.4229802
61.23102,8.2812536
61.24263,7.5670857
61.25424,7.2741052
61.26585,6.3218359
61.27746,7.136698
61.28907,5.8173144
61.30068,6.9474726
61.31229,5.6544272
61.3239,6.5761607
61.33551,5.9566185
61.34712,5.6909445
61.35873,5.9145717
61.37034,5.777751
61.38195,11.220951
61.39356,9.0166005
61.40517,11.401729
61.41678,13.214672
61.42839,11.053031
61.44,10.893141
61.45161,12.655758
61.46322,12.486259
61.47483,12.230691
61.48644,11.266304
61.49805,11.405521
61.50966,12.517656
61.52127,12.128382
61.53288,15.211047
61.54449,11.599521
61.5561,16.266616
61.56771,11.859052
61.57932,12.498949
61.59093,12.020374
61.60254,8.0629875
61.61415,13.571938
61.62576,8.1912754
61.63737,10.477054
61.64898,8.3491251
61.66059,10.643284
61.6722,9.2182064
61.68381,8.9835349
61.69542,11.033961
61.707029,10.473497
61.718639,9.0430027
61.730249,13.977908
61.741859,11.340848
61.753469,14.333285
61.765079,10.854057
61.776689,13.520001
61.788299,10.897692
61.799909,13.03697
61.811519,9.6652294
61.823129,10.712132
61.834739,9.2250651
61.846349,9.9191042
61.857959,10.702839
61.869569,10.105753
61.881179,8.1011631
61.892789,8.2371862
61.904399,9.1046997
61.916009,7.6800606
61.927619,8.6984633
61.939229,8.7513281
61.950839,9.3627132
61.962449,8.5040916
61.974059,7.7081188
61.985669,6.8508185
61.997279,6.6871694
62.008889,7.993623
62.020499,6.5518664
62.032109,7.813506
62.043719,6.2955675
62.055329,6.9120462
62.066939,5.954576
62.078549,6.4716296
62.090159,8.8811653
62.101769,9.9962215
62.113379,10.372026
62.124989,9.2598424
62.136599,9.5610793
62.148209,8.4379576
62.159819,9.7758259
62.171429,8.3446155
62.183039,10.848313
62.194649,7.4735836
62.206259,7.9817127
62.217868,7.3274899
62.229478,7.8887777
62.241088,8.3119389
62.252698,7.4870635
62.264308,7.1263947
62.275918,6.979247
62.287528,7.7317459
62.299138,7.3632977
62.310748,7.3341558
62.322358,6.9016142
62.333968,8.0400886
62.345578,6.4206717
62.357188,6.9718673
62.368798,6.1363472
62.380408,6.9046871
62.392018,6.8118493
62.403628,9.170645
62.415238,8.7125121
62.426848,8.4552216
62.438458,8.1936635
62.450068,7.8018585
62.461678,9.1078232
62.473288,8.6486657
62.484898,8.6672867
62.496508,8.7897703
62.508118,6.712093
62.519728,9.5908915
62.531338,7.9804672
62.542948,8.365603
62.554558,7.6854735
62.566168,8.0336709
62.577778,7.2941869
62.589388,6.4656493
62.600998,7.4404122
62.612608,7.9560894
62.624218,5.5113132
62.635828,8.6624923
62.647438,9.9794186
62.659048,14.2292
62.670658,12.561268
62.682268,11.652685
62.693878,12.251473
62.705488,11.192205
62.717098,11.444805
62.728707,12.116158
62.740317,11.149879
62.751927,9.4747081
62.763537,10.51112
62.775147,13.017637
62.786757,11.776963
62.798367,9.2212376
62.809977,8.4122715
62.821587,9.2550975
62.833197,12.052623
62.844807,11.850831
62.856417,9.3646587
62.868027,7.952967
62.879637,8.4990112
62.891247,9.4699426
62.902857,8.7123429
62.914467,7.5501946
62.926077,6.8338299
62.937687,6.7928815
62.949297,7.6177698
62.960907,7.687187
62.972517,7.0560291
62.984127,7.4028459
62.995737,6.9356802
63.007347,7.2948225
63.018957,7.606034
63.030567,6.9482189
63.042177,6.7811403
63.053787,7.0207899
63.065397,6.8338723
63.077007,6.6045204
63.088617,5.6574575
63.100227,5.2428164
63.111837,8.201592
63.123447,6.515575
63.135057,8.2804344
63.146667,7.9981079
63.158277,8.5198666
63.169887,9.0781484
63.181497,8.2784412
63.193107,9.0414709
63.204717,7.368735
63.216327,8.5573415
63.227937,6.6783482
63.239546,8.0340062
63.251156,7.1528578
63.262766,8.0301126
63.274376,6.7486204
63.285986,6.8216517
63.297596,7.8031649
63.309206,6.5036758
63.320816,6.6054506
63.332426,5.9409987
63.344036,7.3361228
63.355646,6.5658539
63.367256,6.9738936
63.378866,7.4337128
63.390476,6.9466037
63.402086,6.403272
63.413696,7.4359766
63.425306,6.8014977
63.436916,6.290288
63.448526,7.3351255
63.460136,7.1362356
63.471746,7.4378856
63.483356,7.6575876
63.494966,5.6245179
63.506576,5.4302669
63.518186,6.3510964
63.529796,6.8832909
63.541406,6.9333739
63.553016,6.6113714
63.564626,6.6683965
63.576236,5.3231181
63.587846,4.6221641
63.599456,5.5864915
63.611066,5.5939829
63.622676,5.6001363
63.634286,5.8391649
63.645896,5.1938038
63.657506,4.8116077
63.669116,5.1054086
63.680726,5.21837
63.692336,4.1435479
63.703946,4.7069678
63.715556,4.7974943
63.727166,3.9423376
63.738776,4.3394584
63.750385,4.42581
63.761995,4.4439812
63.773605,4.4641865
63.785215,3.8149546
63.796825,4.2722033
63.808435,3.6651667
63.820045,3.6430548
63.831655,3.8325263
63.843265,3.7679801
63.854875,3.6868997
63.866485,3.6833041
63.878095,2.9633528
63.889705,4.0070902
63.901315,3.5884192
63.912925,3.6606816
63.924535,4.359293
63.936145,4.5265254
63.947755,5.2118578
63.959365,5.5670008
63.970975,4.8576736
63.982585,5.4825617
63.994195,5.592341
64.005805,5.1425628
64.017415,5.5663915
64.029025,4.7599321
64.040635,5.0861124
64.052245,6.4234237
64.063855,5.8317266
64.075465,5.7565274
64.087075,5.1112236
64.098685,5.2712878
64.110295,5.945497
64.121905,5.5696594
64.133515,4.350237
64.145125,5.4002916
64.156735,7.4207539
64.168345,6.3031238
64.179955,6.2170715
64.191565,3.8711597
64.203175,5.4957453
64.214785,7.2055325
64.226395,4.8257761
64.238005,6.1987169
64.249615,4.2286557
64.261224,3.8170274
64.272834,6.2720643
64.284444,3.5765732
64.296054,4.9599097
64.307664,4.0269353
64.319274,3.5875088
64.330884,6.5727578
64.342494,5.4012565
64.354104,5.1737154
64.365714,3.6087442
64.377324,6.0778292
64.388934,4.7718635
64.400544,3.9514334
64.412154,4.539784
64.423764,4.1481266
64.435374,3.6530343
64.446984,3.9641846
64.458594,3.4656236
64.470204,4.3610456
64.481814,3.3787901
64.493424,3.7943748
64.505034,4.1257083
64.516644,4.7073206
64.528254,3.8850273
64.539864,2.5649237
64.551474,4.3602236
64.563084,3.3764309
64.574694,3.9097421
64.586304,2.9270635
64.597914,3.2069095
64.609524,3.2370825
64.621134,3.2089532
64.632744,3.3146185
64.644354,3.1200235
64.655964,3.2328217
64.667574,3.0346432
64.679184,2.5191001
64.690794,3.5704717
64.702404,2.9636692
64.714014,3.380674
64.725624,2.9810018
64.737234,3.5767264
64.748844,3.1681991
64.760454,2.8700671
64.772063,2.8119225
64.783673,2.8818611
64.795283,3.1137746
64.806893,2.9154073
64.818503,2.2986757
64.830113,2.6288233
64.841723,2.2007963
64.853333,3.0611528
64.864943,2.7900837
64.876553,2.9992643
64.888163,2.3919579
64.899773,2.8065964
64.911383,3.2509354
64.922993,2.2998849
64.934603,2.821574
64.946213,2.8863223
64.957823,3.7721443
64.969433,2.4602095
64.981043,2.6172128
64.992653,2.8701668
65.004263,3.4731367
65.015873,3.7629109
65.027483,3.1106931
65.039093,2.9001635
65.050703,2.3124764
65.062313,3.5273665
65.073923,4.2324738
65.085533,3.7695443
65.097143,3.8736626
65.108753,2.6553213
65.120363,3.1231568
65.131973,4.0586521
65.143583,4.1558703
65.155193,3.9578962
65.166803,3.2867403
65.178413,2.8682162
65.190023,3.6724302
65.201633,3.8758344
65.213243,3.957743
65.224853,3.4544985
65.236463,3.0414937
65.248073,2.9054819
65.259683,3.5675688
65.271293,3.903968
65.282902,3.3640878
65.294512,2.8041943
65.306122,2.7345594
65.317732,3.4334182
65.329342,3.7771723
65.340952,3.5619669
65.352562,3.0863861
65.364172,2.5247571
65.375782,3.0818727
65.387392,3.4512045
65.399002,3.4009953
65.410612,3.450243
65.422222,2.8491511
65.433832,2.7486638
65.445442,3.1793916
65.457052,2.8329109
65.468662,2.8464481
65.480272,2.8466573
65.491882,2.561666
65.503492,2.9160027
65.515102,2.5246607
65.526712,2.4775849
65.538322,2.6877442
65.549932,2.582867
65.561542,2.6840839
65.573152,2.2532298
65.584762,2.1597207
65.596372,2.340432
65.607982,2.1419981
65.619592,2.5622452
65.631202,2.3125144
65.642812,2.0488377
65.654422,1.8372434
65.666032,1.730502
65.677642,2.2520521
65.689252,2.1613095
65.700862,2.1138679
65.712472,1.6358141
65.724082,1.4246731
65.735692,2.1015084
65.747302,2.0951346
65.758912,1.9794987
65.770522,1.668007
65.782132,1.2190233
65.793741,1.5314742
65.805351,1.6911253
65.816961,1.854778
65.828571,1.6519712
65.840181,1.2575705
65.851791,1.3506403
65.863401,1.4614592
65.875011,2.6871753
65.886621,6.000297
65.898231,4.8219264
65.909841,5.963778
65.921451,6.3771086
65.933061,6.1733891
65.944671,6.300374
65.956281,6.1976657
65.967891,6.1537311
65.979501,6.198528
65.991111,6.5562388
66.002721,6.6028908
66.014331,6.25497
66.025941,6.0715537
66.037551,5.7836708
66.049161,5.6311893
66.060771,5.4987776
66.072381,4.8657473
66.083991,4.3740836
66.095601,3.881812
66.107211,3.7670651
66.118821,3.904693
66.130431,2.8795476
66.142041,2.1855665
66.153651,2.4132269
66.165261,2.5310508
66.176871,2.3910557
66.188481,2.1320094
66.200091,1.6255115
66.211701,1.9641782
66.223311,2.274568
66.234921,2.7059557
66.246531,2.5691233
66.258141,1.7221667
66.269751,1.6939292
66.281361,2.0398684
66.292971,2.5579152
66.30458,2.3762168
66.31619,1.6130466
66.3278,1.454958
66.33941,1.5499489
66.35102,2.0311808
66.36263,1.7930305
66.37424,1.5468153
66.38585,1.6421241
66.39746,1.6703879
66.40907,1.6323803
66.42068,1.7902294
66.43229,1.9835878
66.4439,2.1499631
66.45551,1.7739675
66.46712,1.6097458
66.47873,1.6704842
66.49034,1.7505224
66.50195,1.8161055
66.51356,1.764076
66.52517,4.6408709
66.53678,6.7393371
66.54839,5.9268804
66.56,7.5931503
66.57161,7.8519466
66.58322,7.4004967
66.59483,7.2706069
66.60644,7.6973405
66.61805,8.0065179
66.62966,7.8585584
66.64127,7.7380605
66.65288,7.4072094
66.66449,7.5973162
66.6761,7.7168216
66.68771,7.4507403
66.69932,10.41989
66.71093,8.7214707
66.72254,8.9294687
66.73415,8.9624042
66.74576,8.8896622
66.75737,8.6525845
66.76898,8.360243
66.78059,8.2512121
66.7922,9.0987192
66.80381,10.10386
66.81542,9.1677596
66.827029,7.9911991
66.838639,8.0114466
66.850249,7.7618933
66.861859,7.5835518
66.873469,6.0457311
66.885079,6.3666577
66.896689,6.7305936
66.908299,7.235023
66.919909,6.9454892
66.931519,7.3018908
66.943129,7.1421892
66.954739,6.7921094
66.966349,6.7678291
66.977959,6.3680353
66.989569,6.6152635
67.001179,6.3834423
67.012789,5.6640798
67.024399,5.9548886
67.036009,6.7509652
67.047619,6.8340174
67.059229,6.2353572
67.070839,5.6612928
67.082449,6.1152254
67.094059,6.4681192
67.105669,8.7008782
67.117279,12.632767
67.128889,10.951164
67.140499,8.8854561
67.152109,9.2902836
67.163719,8.5978403
67.175329,8.3327878
67.186939,6.6904172
67.198549,7.5373545
67.210159,8.4840812
67.221769,7.4837364
67.233379,7.935465
67.244989,7.4223169
67.256599,10.006391
67.268209,7.9371202
67.279819,8.0730964
67.291429,7.0840205
67.303039,6.5896878
67.314649,7.1357047
67.326259,6.6491646
67.337868,7.3719376
67.349478,6.5341366
67.361088,6.4530119
67.372698,4.9847988
67.384308,5.7051087
67.395918,4.7748874
67.407528,5.1286702
67.419138,4.796714
67.430748,5.4029524
67.442358,4.9080524
67.453968,12.39851
67.465578,14.109756
67.477188,14.121368
67.488798,14.062638
67.500408,12.671979
67.512018,12.530765
67.523628,12.401426
67.535238,12.26991
67.546848,11.763221
67.558458,11.045753
67.570068,10.173411
67.581678,10.042446
67.593288,9.5767296
67.604898,9.9825019
67.616508,10.050618
67.628118,9.1282276
67.639728,9.5972514
67.651338,9.3298171
67.662948,9.2018726
67.674558,8.7508699
67.686168,7.4268368
67.697778,7.1660173
67.709388,6.7795088
67.720998,7.3134411
67.732608,8.4564655
67.744218,8.5899111
67.755828,7.9616222
67.767438,7.6177579
67.779048,9.4891972
67.790658,8.088314
67.802268,7.4881502
67.813878,8.9642225
67.825488,8.6498076
67.837098,6.1842817
67.848707,6.6742379
67.860317,9.9570735
67.871927,12.315562
67.883537,7.2508836
67.895147,9.7512848
67.906757,7.7717347
67.918367,8.6659714
67.929977,8.7987129
67.941587,6.4026311
67.953197,9.4019026
67.964807,8.0359364
67.976417,7.2123897
67.988027,6.2966297
67.999637,8.2491555
68.011247,8.7345078
68.022857,6.9964668
68.034467,7.0590479
68.046077,9.4402958
68.057687,7.485468
68.069297,7.0207864
68.080907,7.1949007
68.092517,7.1074632
68.104127,5.983719
68.115737,8.1565112
68.127347,7.1944268
68.138957,6.8506751
68.150567,8.2471251
68.162177,9.9022682
68.173787,7.8359177
68.185397,8.3870723
68.197007,8.4273296
68.208617,7.0617093
68.220227,5.9853229
68.231837,6.6522805
68.243447,5.1966585
68.255057,5.2994136
68.266667,5.1677877
68.278277,6.3298948
68.289887,6.1475892
68.301497,6.3498014
68.313107,10.535209
68.324717,15.716372
68.336327,13.964303
68.347937,13.424144
68.359546,13.279128
68.371156,10.575767
68.382766,9.2556682
68.394376,9.2910504
68.405986,9.1872358
68.417596,9.004998
68.429206,7.8298074
68.440816,8.9847713
68.452426,7.9907352
68.464036,13.231278
68.475646,9.8555942
68.487256,10.345785
68.498866,8.1333396
68.510476,7.8088857
68.522086,8.0995438
68.533696,7.8142135
68.545306,9.3815401
68.556916,7.7595187
68.568526,8.29729
68.580136,8.8766245
68.591746,5.8721676
68.603356,7.3854956
68.614966,8.4962175
68.626576,11.398131
68.638186,12.680865
68.649796,11.270123
68.661406,15.017602
68.673016,13.724563
68.684626,12.80381
68.696236,11.967808
68.707846,14.275467
68.719456,11.227491
68.731066,15.66183
68.742676,9.0435652
68.754286,15.385624
68.765896,11.326363
68.777506,12.984449
68.789116,11.255451
68.800726,11.856143
68.812336,14.094785
68.823946,12.318641
68.835556,12.448315
68.847166,12.191651
68.858776,11.723847
68.870385,13.17415
68.881995,12.192788
68.893605,11.729149
68.905215,11.397733
68.916825,13.129898
68.928435,13.497518
68.940045,14.658173
68.951655,12.289411
68.963265,13.852398
68.974875,13.078712
68.986485,10.258653
68.998095,13.061038
69.009705,11.455102
69.021315,13.70436
69.032925,10.830019
69.044535,10.557215
69.056145,13.443812
69.067755,11.268272
69.079365,11.462991
69.090975,11.045474
69.102585,11.863206
69.114195,12.10678
69.125805,9.9323594
69.137415,9.1166869
69.149025,10.11489
69.160635,8.8231976
69.172245,8.8263567
69.183855,8.1254224
69.195465,10.290061
69.207075,10.14492
69.218685,10.110061
69.230295,9.2156953
69.241905,9.8366594
69.253515,8.2520879
69.265125,15.779407
69.276735,9.5175194
69.288345,9.349476
69.299955,12.471286
69.311565,10.78945
69.323175,14.220623
69.334785,10.035381
69.346395,13.20239
69.358005,8.5628879
69.369615,11.695195
69.381224,9.6042038
69.392834,9.1794919
69.404444,9.4970036
69.416054,6.9591506
69.427664,9.1097808
69.439274,9.7401324
69.450884,10.723293
69.462494,10.261024
69.474104,10.306336
69.485714,11.173319
69.497324,12.78148
69.508934,9.6898926
69.520544,12.419309
69.532154,9.8431256
69.543764,13.224174
69.555374,11.635425
69.566984,8.6361754
69.578594,11.759484
69.590204,9.0506518
69.601814,14.630305
69.613424,9.9798956
69.625034,13.376421
69.636644,13.072432
69.648254,13.761951
69.659864,14.120923
69.671474,12.141945
69.683084,15.062621
69.694694,11.566284
69.706304,12.344379
69.717914,12.014347
69.729524,11.077183
69.741134,11.13773
69.752744,10.180761
69.764354,11.944977
69.775964,12.585604
69.787574,11.68628
69.799184,13.276261
69.810794,10.968346
69.822404,11.722116
69.834014,11.600453
69.845624,9.5657162
69.857234,8.9515277
69.868844,7.9153184
69.880454,8.403901
69.892063,9.6140758
69.903673,8.4038531
69.915283,10.186188
69.926893,8.3903025
69.938503,10.328326
69.950113,10.418662
69.961723,8.499913
69.973333,7.9912037
69.984943,10.050958
69.996553,11.51347
70.008163,9.2421233
70.019773,9.104238
70.031383,11.788065
70.042993,10.268196
70.054603,8.285512
70.066213,8.8481529
70.077823,9.7453508
70.089433,9.3826316
70.101043,6.8906082
70.112653,10.930092
70.124263,10.303637
70.135873,11.805408
70.147483,11.999392
70.159093,13.766365
70.170703,12.582151
70.182313,11.826503
70.193923,14.80745
70.205533,15.54261
70.217143,12.530433
70.228753,14.925761
70.240363,13.463691
70.251973,12.541288
70.263583,10.577359
70.275193,9.2506101
70.286803,9.8085748
70.298413,12.200132
70.310023,12.595283
70.321633,11.836689
70.333243,12.628951
70.344853,13.289655
70.356463,12.759391
70.368073,10.06063
70.379683,9.9314691
70.391293,10.403718
70.402902,9.4271048
70.414512,7.3718479
70.426122,8.7121877
70.437732,8.7998431
70.449342,11.036494
70.460952,11.208115
70.472562,10.015509
70.484172,10.730375
70.495782,9.7077368
70.507392,10.390361
70.519002,8.4757494
70.530612,8.4383686
70.542222,7.8778667
70.553832,8.7267938
70.565442,8.930073
70.577052,6.6486645
70.588662,8.1750487
70.600272,8.7545328
70.611882,6.8252316
70.623492,7.3607076
70.635102,7.7112245
70.646712,8.03953
70.658322,6.8225326
70.669932,6.6765012
70.681542,6.8709028
70.693152,6.7727625
70.704762,6.8380296
70.716372,6.580544
70.727982,6.4314722
70.739592,11.168531
70.751202,10.449432
70.762812,13.94116
70.774422,9.4907164
70.786032,10.783444
70.797642,8.7979083
70.809252,11.411887
70.820862,8.7672599
70.832472,11.519442
70.844082,9.5576729
70.855692,12.015744
70.867302,10.873527
70.878912,10.719268
70.890522,10.065129
70.902132,9.4645302
70.913741,9.260056
70.925351,7.7297369
70.936961,7.8132465
70.948571,7.5224917
70.960181,7.8557434
70.971791,7.4317725
70.983401,7.2647902
70.995011,7.659189
71.006621,7.8670595
71.018231,7.4269146
71.029841,7.6605011
71.041451,7.1189991
71.053061,7.8551414
71.064671,7.097608
71.076281,7.5282356
71.087891,6.4760614
71.099501,6.8867258
71.111111,5.9222704
71.122721,5.7910784
71.134331,5.1517212
71.145941,5.9511081
71.157551,7.2421967
71.169161,6.3747329
71.180771,6.3245975
71.192381,7.6643768
71.203991,7.8442342
71.215601,8.0626213
71.227211,6.3173504
71.238821,6.2322619
71.250431,6.0577744
71.262041,6.7709343
71.273651,5.6750124
71.285261,6.3635846
71.296871,5.8218248
71.308481,5.6559857
71.320091,5.2082758
71.331701,6.1355146
71.343311,5.8631264
71.354921,5.4309363
71.366531,5.5566132
71.378141,5.0958608
71.389751,5.3755389
71.401361,5.5675103
71.412971,5.6561432
71.42458,4.5638636
71.43619,4.8623851
71.4478,4.7906117
71.45941,5.5865272
71.47102,5.5452994
71.48263,4.6018788
71.49424,4.9144914
71.50585,5.0545271
71.51746,5.26511
71.52907,9.3309803
71.54068,9.0813451
71.55229,9.9774777
71.5639,11.607421
71.57551,11.739301
71.58712,10.540967
71.59873,10.583819
71.61034,11.598699
71.62195,11.592643
71.63356,11.826089
71.64517,10.290439
71.65678,10.568661
71.66839,13.001024
71.68,11.882504
71.69161,13.089183
71.70322,13.082551
71.71483,13.592171
71.72644,14.057574
71.73805,13.402753
71.74966,13.263133
71.76127,13.139683
71.77288,13.599659
71.78449,11.920175
71.7961,11.270059
71.80771,12.007195
71.81932,11.975691
71.83093,10.648062
71.84254,11.284986
71.85415,11.779218
71.86576,12.84705
71.87737,12.933833
71.88898,12.064072
71.90059,11.738398
71.9122,11.514429
71.92381,11.126184
71.93542,9.6980348
71.947029,9.2637482
71.958639,8.711749
71.970249,9.1783224
71.981859,9.5151286
71.993469,9.3614568
72.005079,9.2982409
72.016689,9.4440862
72.028299,14.743743
72.039909,15.861386
72.051519,11.850245
72.063129,12.697598
72.074739,10.506103
72.086349,10.287087
72.097959,11.260586
72.109569,10.210637
72.121179,13.449499
72.132789,9.9132831
72.144399,12.830303
72.156009,9.0596437
72.167619,12.790395
72.179229,8.4393875
72.190839,8.9355971
72.202449,9.6576023
72.214059,8.0723258
72.225669,9.9255737
72.237279,8.5529117
72.248889,9.356374
72.260499,5.8434769
72.272109,9.0317479
72.283719,8.4574589
72.295329,7.8726438
72.306939,8.2999403
72.318549,8.1186485
72.330159,8.087956
72.341769,10.206718
72.353379,7.8870159
72.364989,7.882546
72.376599,6.7313296
72.388209,8.1694002
72.399819,8.5058137
72.411429,12.503551
72.423039,20.111301
72.434649,18.309253
72.446259,19.371174
72.457868,19.323304
72.469478,18.293248
72.481088,17.466047
72.492698,17.652078
72.504308,17.203612
72.515918,16.014901
72.527528,14.941913
72.539138,14.016881
72.550748,13.107099
72.562358,13.99325
72.573968,12.610218
72.585578,12.65143
72.597188,12.449542
72.608798,11.653881
72.620408,12.448073
72.632018,11.682343
72.643628,11.225187
72.655238,10.098469
72.666848,9.6270824
72.678458,9.7764197
72.690068,9.3443775
72.701678,9.7564958
72.713288,8.7687571
72.724898,7.6627175
72.736508,9.1271913
72.748118,8.4039203
72.759728,8.8475912
72.771338,7.2915971
72.782948,6.5186968
72.794558,13.01011
72.806168,10.563549
72.817778,10.521522
72.829388,9.3773951
72.840998,10.050392
72.852608,9.9963283
72.864218,8.8473152
72.875828,10.923877
72.887438,9.4750854
72.899048,8.9444555
72.910658,7.853577
72.922268,9.3685619
72.933878,10.018551
72.945488,8.1504615
72.957098,11.840945
72.968707,12.127223
72.980317,11.56702
72.991927,13.370461
73.003537,13.719748
73.015147,12.117956
73.026757,10.793457
73.038367,10.875884
73.049977,10.500913
73.061587,9.0493622
73.073197,12.444646
73.084807,13.764239
73.096417,10.132634
73.108027,13.198713
73.119637,12.575161
73.131247,9.3554038
73.142857,8.2515755
73.154467,10.877768
73.166077,8.5987499
73.177687,8.5337034
73.189297,9.3691032
73.200907,11.10826
73.212517,9.6866647
73.224127,11.119241
73.235737,10.789437
73.247347,10.317998
73.258957,10.28957
73.270567,9.931832
73.282177,8.3910817
73.293787,7.94915
73.305397,7.8045085
73.317007,9.1620265
73.328617,7.4644966
73.340227,8.5798268
73.351837,8.8972782
73.363447,9.6702328
73.375057,9.1549449
73.386667,9.310075
73.398277,8.5329438
73.409887,8.4099288
73.421497,7.3278571
73.433107,7.1661596
73.444717,7.0033377
73.456327,7.1139565
73.467937,6.9190089
73.479546,7.8048119
73.491156,8.0121967
73.502766,7.9606746
73.514376,8.0965438
73.525986,7.8278114
73.537596,7.1276892
73.549206,6.178356
73.560816,5.9255192
73.572426,6.2875109
73.584036,6.1476395
73.595646,7.7207393
73.607256,7.0366524
73.618866,6.0947049
73.630476,12.844506
73.642086,14.442048
73.653696,14.51469
73.665306,13.507911
73.676916,9.0461729
73.688526,8.4605458
73.700136,9.0133928
73.711746,9.0500041
73.723356,10.148857
73.734966,9.2111696
73.746576,11.129196
73.758186,9.7654784
73.769796,11.084613
73.781406,8.7914812
73.793016,10.9679
73.804626,7.7549644
73.816236,6.3223113
73.827846,6.1170222
73.839456,6.4288103
73.851066,6.7810533
73.862676,6.4584197
73.874286,6.2952365
73.885896,6.6611903
73.897506,6.4776552
73.909116,6.3245156
73.920726,6.5651931
73.932336,6.2998548
73.943946,6.4961584
73.955556,6.1509198
73.967166,6.8513618
73.978776,6.8979746
73.990385,6.1782327
74.001995,7.66406
74.013605,6.4874644
74.025215,7.9883689
74.036825,11.825178
74.048435,13.625933
74.060045,15.069108
74.071655,14.15864
74.083265,13.76236
74.094875,13.06571
74.106485,13.617837
74.118095,14.309126
74.129705,13.336038
74.141315,11.501626
74.152925,11.211544
74.164535,10.954848
74.176145,12.149162
74.187755,12.368489
74.199365,11.176354
74.210975,10.705592
74.222585,10.7553
74.234195,10.732746
74.245805,10.983603
74.257415,10.515573
74.269025,9.4198928
74.280635,9.3866057
74.292245,9.2845928
74.303855,8.9507963
74.315465,9.2011222
74.327075,8.9875162
74.338685,8.5593969
74.350295,8.9226057
74.361905,8.8053608
74.373515,9.2275755
74.385125,9.8834994
74.396735,9.8529784
74.408345,9.0621587
74.419955,9.2616643
74.431565,9.2105703
74.443175,12.667927
74.454785,17.59245
74.466395,16.119624
74.478005,18.814707
74.489615,20.50274
74.501224,18.733826
74.512834,14.866347
74.524444,13.535067
74.536054,14.796749
74.547664,15.712504
74.559274,14.676243
74.570884,13.603498
74.582494,10.735042
74.594104,10.582308
74.605714,13.856463
74.617324,13.808748
74.628934,13.042031
74.640544,10.544309
74.652154,15.604976
74.663764,16.515332
74.675374,15.49295
74.686984,13.488879
74.698594,14.412318
74.710204,15.793089
74.721814,16.438128
74.733424,15.806074
74.745034,12.963422
74.756644,12.354185
74.768254,14.373782
74.779864,15.502608
74.791474,14.313473
74.803084,14.177142
74.814694,12.341765
74.826304,12.621738
74.837914,13.918752
74.849524,14.977951
74.861134,13.986573
74.872744,12.524565
74.884354,10.404844
74.895964,9.3467356
74.907574,9.6078454
74.919184,9.6790786
74.930794,8.12418
74.942404,6.3527764
74.954014,7.0374912
74.965624,7.9239817
74.977234,7.3496364
74.988844,6.7874
75.000454,6.1960625
75.012063,6.3454637
75.023673,7.3136195
75.035283,7.1981875
75.046893,6.1609503
75.058503,6.3328849
75.070113,6.2390633
75.081723,6.0177134
75.093333,5.5972996
75.104943,5.6287025
75.116553,5.6913281
75.128163,5.9816829
75.139773,5.5829858
75.151383,4.9560844
75.162993,4.769577
75.174603,5.0253924
75.186213,4.6711648
75.197823,5.0463587
75.209433,5.8633163
75.221043,5.8756622
75.232653,6.0324766
75.244263,5.1142378
75.255873,5.0412348
75.267483,4.7765133
75.279093,4.9008438
75.290703,5.2774069
75.302313,4.3270608
75.313923,4.7781578
75.325533,4.8417106
75.337143,4.3797064
75.348753,4.4266689
75.360363,3.8880938
75.371973,4.1903932
75.383583,4.5425639
75.395193,4.0736718
75.406803,12.183985
75.418413,10.88205
75.430023,14.59511
75.441633,13.017279
75.453243,12.255423
75.464853,11.663196
75.476463,11.50811
75.488073,9.4971434
75.499683,9.8163996
75.511293,8.891521
75.522902,11.46847
75.534512,12.334713
75.546122,12.106442
75.557732,13.616476
75.569342,11.799278
75.580952,10.659413
75.592562,9.0758006
75.604172,7.806132
75.615782,6.357626
75.627392,6.609477
75.639002,7.9357138
75.650612,8.5502563
75.662222,9.6670449
75.673832,9.2597303
75.685442,9.6862641
75.697052,8.6967304
75.708662,8.8253068
75.720272,7.2690177
75.731882,5.6879507
75.743492,6.5986716
75.755102,7.7222516
75.766712,7.3781603
75.778322,7.9849616
75.789932,9.0387639
75.801542,9.4430037
75.813152,8.9454821
75.824762,9.0733219
75.836372,8.1869511
75.847982,6.7201076
75.859592,5.7089819
75.871202,6.1827831
75.882812,4.4753339
75.894422,6.3336473
75.906032,6.3006907
75.917642,7.0738751
75.929252,10.617064
75.940862,12.498035
75.952472,12.709572
75.964082,11.937937
75.975692,12.741203
75.987302,11.662789
75.998912,12.957117
76.010522,13.104697
76.022132,12.798245
76.033741,13.47699
76.045351,11.555289
76.056961,11.928302
76.068571,10.605436
76.080181,10.778194
76.091791,10.001018
76.103401,10.026158
76.115011,10.386105
76.126621,9.8544313
76.138231,10.01914
76.149841,9.2596087
76.161451,9.2793539
76.173061,9.637742
76.184671,10.417455
76.196281,10.51225
76.207891,10.388866
76.219501,10.046601
76.231111,9.7712879
76.242721,9.6251929
76.254331,9.7767123
76.265941,9.547978
76.277551,9.4277464
76.289161,9.2802927
76.300771,8.7376517
76.312381,9.0947222
76.323991,8.7023673
76.335601,8.9426294
76.347211,9.0680612
76.358821,8.8730849
76.370431,8.5122983
76.382041,8.0093906
76.393651,8.0665989
76.405261,7.8275261
76.416871,7.4942965
76.428481,7.1349768
76.440091,6.7215969
76.451701,6.4385766
76.463311,6.3744149
76.474921,6.2742738
76.486531,5.9982641
76.498141,5.861125
76.509751,5.7024732
76.521361,5.3257323
76.532971,5.4471901
76.54458,5.1980788
76.55619,4.7916678
76.5678,5.0496657
76.57941,4.5370638
76.59102,4.3977119
76.60263,3.9644753
76.61424,4.0738448
76.62585,3.7100251
76.63746,3.4790654
76.64907,3.4521527
76.66068,3.2199045
76.67229,3.3059329
76.6839,3.1540334
76.69551,3.356421
76.70712,3.2630481
76.71873,3.3219013
76.73034,3.3550931
76.74195,3.4760911
76.75356,5.3239575
76.76517,14.485321
76.77678,12.408704
76.78839,12.288009
76.8,12.711268
76.81161,13.106651
76.82322,12.58126
76.83483,11.528368
76.84644,10.397784
76.85805,10.990081
76.86966,10.398007
76.88127,10.807425
76.89288,11.125464
76.90449,11.052196
76.9161,10.25231
76.92771,10.88106
76.93932,10.719037
76.95093,10.68083
76.96254,9.8412973
76.97415,9.121212
76.98576,8.9001652
76.99737,9.19986
77.00898,8.7822678
77.02059,8.4621589
77.0322,7.6688839
77.04381,7.9149836
77.05542,7.7424554
77.067029,6.94589
77.078639,6.3915604
77.090249,5.3075252
77.101859,5.285784
77.113469,8.6586685
77.125079,15.220868
77.136689,14.036696
77.148299,13.867817
77.159909,14.304354
77.171519,14.043769
77.183129,13.177258
77.194739,12.95063
77.206349,12.757254
77.217959,13.582829
77.229569,12.32786
77.241179,11.9575
77.252789,12.460495
77.264399,13.199516
77.276009,13.18226
77.287619,13.602414
77.299229,12.610438
77.310839,12.536654
77.322449,11.317064
77.334059,10.685714
77.345669,10.609326
77.357279,10.466073
77.368889,10.150959
77.380499,10.450337
77.392109,10.87225
77.403719,11.058478
77.415329,10.403874
77.426939,9.7589236
77.438549,9.0017572
77.450159,8.6514196
77.461769,8.1057014
77.473379,7.7690955
77.484989,7.5543171
77.496599,7.7829504
77.508209,8.3277287
77.519819,7.8309233
77.531429,7.7899218
77.543039,7.5288833
77.554649,7.3607178
77.566259,7.1644651
77.577868,6.836823
77.589478,6.4735645
77.601088,6.2932827
77.612698,6.0708318
77.624308,5.8702829
77.635918,6.038039
77.647528,5.8944935
77.659138,5.967826
77.670748,5.887091
77.682358,5.7424208
77.693968,5.541645
77.705578,5.2522752
77.717188,4.8360606
77.728798,4.6463988
77.740408,4.4062907
77.752018,4.4326005
77.763628,4.6789473
77.775238,4.490781
77.786848,4.5393408
77.798458,4.5708288
77.810068,4.4812071
77.821678,4.3432697
77.833288,4.4889474
77.844898,4.1628978
77.856508,3.9338531
77.868118,3.9519944
77.879728,3.9163723
77.891338,3.8929937
77.902948,3.7561316
77.914558,3.6769036
77.926168,3.6386587
77.937778,3.5935983
77.949388,3.5893792
77.960998,3.4454829
77.972608,3.4759639
77.984218,3.2821503
77.995828,3.2235796
78.007438,3.1476098
78.019048,3.1704496
78.030658,3.0949237
78.042268,3.143077
78.053878,3.1161737
78.065488,3.1102002
78.077098,3.0314829
78.088707,3.0738163
78.100317,3.3971949
78.111927,3.2766119
78.123537,2.9951326
78.135147,2.8440107
78.146757,3.1632876
78.158367,3.3486331
78.169977,3.3463467
78.181587,3.3772522
78.193197,3.2898384
78.204807,3.249387
78.216417,3.6246086
78.228027,3.8217239
78.239637,3.828723
78.251247,3.6022353
78.262857,3.3131479
78.274467,3.4575128
78.286077,3.802314
78.297687,3.8543819
78.309297,3.6709411
78.320907,3.4128933
78.332517,3.4811974
78.344127,3.9412659
78.355737,4.0792447
78.367347,3.9401538
78.378957,3.5087113
78.390567,3.2031119
78.402177,3.2882736
78.413787,3.5333798
78.425397,3.6393586
78.437007,3.6036874
78.448617,3.4260561
78.460227,3.4761837
78.471837,3.5565012
78.483447,3.6909695
78.495057,3.5133485
78.506667,3.1344757
78.518277,2.8117003
78.529887,2.9686251
78.541497,3.2971115
78.553107,3.3741969
78.564717,3.2634943
78.576327,3.0776089
78.587937,3.0877287
78.599546,3.1188361
78.611156,2.9435288
78.622766,2.6972419
78.634376,2.4869835
78.645986,2.680431
78.657596,2.9225922
78.669206,2.9956726
78.680816,2.9734636
78.692426,7.5240922
78.704036,6.5054622
78.715646,7.3380041
78.727256,8.3421393
78.738866,8.3264097
78.750476,8.1028163
78.762086,7.6384592
78.773696,8.2543956
78.785306,7.6919183
78.796916,8.2826345
78.808526,7.3345231
78.820136,7.4434539
78.831746,7.1251089
78.843356,6.5950453
78.854966,6.3462995
78.866576,6.7513896
78.878186,6.6858291
78.889796,6.6899128
78.901406,6.7671435
78.913016,6.5745919
78.924626,6.244667
78.936236,5.6017071
78.947846,5.1369453
78.959456,4.8067626
78.971066,4.9042818
78.982676,4.9783025
78.994286,5.3572665
79.005896,5.8331872
79.017506,5.9152304
79.029116,6.0086832
79.040726,6.0342672
79.052336,5.7659042
79.063946,5.4046685
79.075556,5.066053
79.087166,4.8159436
79.098776,4.6061293
79.110385,4.7786046
79.121995,4.9586585
79.133605,4.9553789
79.145215,5.0362614
79.156825,5.0506209
79.168435,4.99555
79.180045,4.8408341
79.191655,4.5059619
79.203265,4.3505255
79.214875,4.0766692
79.226485,3.8768931
79.238095,3.7265391
79.249705,3.6037557
79.261315,3.8003704
79.272925,3.8938152
79.284535,4.0646116
79.296145,4.1374028
79.307755,3.8134297
79.319365,3.7650645
79.330975,3.5843324
79.342585,3.5649976
79.354195,3.443856
79.365805,3.4271615
79.377415,3.2054963
79.389025,3.2288899
79.400635,3.2073644
79.412245,3.0010343
79.423855,2.9604244
79.435465,2.7610817
79.447075,2.7979541
79.458685,2.8794776
79.470295,2.9961193
79.481905,3.1196785
79.493515,3.0230965
79.505125,2.8469876
79.516735,2.5503338
79.528345,2.6414575
79.539955,3.0494882
79.551565,3.0834082
79.563175,2.8373173
79.574785,2.5622009
79.586395,2.6945771
79.598005,2.9081665
79.609615,2.8047247
79.621224,4.6727291
79.632834,5.9421778
79.644444,5.2842094
79.656054,5.0041444
79.667664,5.2281972
79.679274,4.7019192
79.690884,4.4737603
79.702494,4.9925145
79.714104,5.1598829
79.725714,3.512974
79.737324,3.6725945
79.748934,3.5621379
79.760544,3.8650148
79.772154,3.3837079
79.783764,3.2823514
79.795374,3.8696808
79.806984,4.0482107
79.818594,3.1518408
79.830204,3.1373178
79.841814,3.5909001
79.853424,3.254846
79.865034,2.8902264
79.876644,3.0074036
79.888254,3.1426653
79.899864,2.9668206
79.911474,3.0260467
79.923084,3.0117573
79.934694,3.0127945
79.946304,2.7087926
79.957914,2.7202052
79.969524,2.3559263
79.981134,2.6778904
79.992744,2.4522719
80.004354,2.9928355
80.015964,2.3791941
80.027574,2.4655797
80.039184,2.2322527
80.050794,2.5032137
80.062404,2.8013049
80.074014,2.7983167
80.085624,2.8236023
80.097234,2.0670742
80.108844,2.4440032
80.120454,2.350562
80.132063,2.8215772
80.143673,2.484776
80.155283,2.5188194
80.166893,2.2759206
80.178503,2.3746898
80.190113,2.6455952
80.201723,2.5620075
80.213333,2.652227
80.224943,2.3295201
80.236553,2.4177785
80.248163,2.1469891
80.259773,2.5628574
80.271383,2.3858604
80.282993,2.4561867
80.294603,2.1760517
80.306213,2.6217762
80.317823,2.6067148
80.329433,2.527879
80.341043,2.5061255
80.352653,2.3947645
80.364263,2.3620208
80.375873,2.1512567
80.387483,2.6752574
80.399093,2.3305443
80.410703,2.5449614
80.422313,2.9185541
80.433923,16.85253
80.445533,17.987644
80.457143,18.583612
80.468753,16.999425
80.480363,16.23478
80.491973,14.930568
80.503583,14.66602
80.515193,15.074837
80.526803,13.661473
80.538413,13.63833
80.550023,12.288
80.561633,12.333581
80.573243,12.240843
80.584853,12.324006
80.596463,12.644356
80.608073,10.818402
80.619683,11.953793
80.631293,11.185164
80.642902,11.09143
80.654512,11.275726
80.666122,9.1390414
80.677732,9.5818082
80.689342,8.8559621
80.700952,7.6216335
80.712562,7.511515
80.724172,6.8425863
80.735782,7.1099933
80.747392,6.997476
80.759002,7.200976
80.770612,7.1558179
80.782222,5.3977587
80.793832,7.8660388
80.805442,6.8450328
80.817052,6.5270715
80.828662,7.2081507
80.840272,6.260162
80.851882,6.5653307
80.863492,6.6754588
80.875102,6.423484
80.886712,5.9958067
80.898322,5.8984413
80.909932,6.8464107
80.921542,5.0191547
80.933152,5.6706842
80.944762,5.9651848
80.956372,4.8119345
80.967982,6.497759
80.979592,5.4769253
80.991202,5.1372409
81.002812,7.5427806
81.014422,7.2996766
81.026032,8.2287334
81.037642,7.0096085
81.049252,7.4751747
81.060862,8.4498422
81.072472,7.0628489
81.084082,6.7176342
81.095692,4.7124025
81.107302,6.2800523
81.118912,6.1094192
81.130522,6.1416839
81.142132,5.0598689
81.153741,4.4825142
81.165351,6.2827202
81.176961,5.092287
81.188571,5.8201804
81.200181,5.2853888
81.211791,9.3225541
81.223401,12.646643
81.235011,12.964681
81.246621,12.678887
81.258231,14.159061
81.269841,14.536444
81.281451,13.463557
81.293061,13.29781
81.304671,12.181853
81.316281,12.723301
81.327891,11.698219
81.339501,11.990945
81.351111,11.985902
81.362721,11.662255
81.374331,12.552633
81.385941,11.736439
81.397551,12.439908
81.409161,12.41685
81.420771,11.408334
81.432381,12.058754
81.443991,11.518739
81.455601,11.287592
81.467211,10.898966
81.478821,10.016453
81.490431,10.576034
81.502041,9.7983793
81.513651,9.2341223
81.525261,17.431685
81.536871,21.410517
81.548481,18.170923
81.560091,14.988405
81.571701,16.095314
81.583311,17.830329
81.594921,18.128565
81.606531,16.841517
81.618141,12.96729
81.629751,11.869798
81.641361,13.779191
81.652971,15.743866
81.66458,14.644121
81.67619,11.258831
81.6878,9.1273017
81.69941,11.213299
81.71102,13.790717
81.72263,14.047259
81.73424,11.993062
81.74585,8.8636019
81.75746,8.3794258
81.76907,10.759026
81.78068,11.00156
81.79229,9.5800555
81.8039,6.7879826
81.81551,6.1967514
81.82712,8.6727349
81.83873,9.2703352
81.85034,8.6206284
81.86195,6.3788365
81.87356,5.117437
81.88517,7.9033303
81.89678,7.9612976
81.90839,8.2372176
81.92,5.8538542
81.93161,4.908424
81.94322,6.1644687
81.95483,7.3531896
81.96644,7.1765594
81.97805,5.0325464
81.98966,4.607877
82.00127,5.9950699
82.01288,7.5773002
82.02449,7.3155031
82.0361,5.7363137
82.04771,4.5451346
82.05932,5.3933929
82.07093,7.3185292
82.08254,7.3884795
82.09415,6.5544052
82.10576,4.5111899
82.11737,4.6866889
82.12898,7.009197
82.14059,7.2129306
82.1522,6.435429
82.16381,4.7456576
82.17542,4.2305733
82.187029,6.5903781
82.198639,13.367276
82.210249,16.593926
82.221859,14.433217
82.233469,16.000534
82.245079,15.376385
82.256689,13.895202
82.268299,15.675198
82.279909,15.667404
82.291519,14.475765
82.303129,15.003206
82.314739,12.614831
82.326349,10.747099
82.337959,11.41439
82.349569,9.5673653
82.361179,9.3238596
82.372789,9.4512182
82.384399,6.2609861
82.396009,7.5581624
82.407619,7.7030841
82.419229,7.1113095
82.430839,7.0674572
82.442449,6.150402
82.454059,5.675763
82.465669,6.2540723
82.477279,6.3430399
82.488889,6.5331786
82.500499,5.9375697
82.512109,8.4483763
82.523719,9.8749274
82.535329,9.0219802
82.546939,10.465914
82.558549,11.442118
82.570159,10.210449
82.581769,8.3922125
82.593379,8.4065312
82.604989,9.6604353
82.616599,9.5318595
82.628209,9.6061098
82.639819,8.1928535
82.651429,8.1101191
82.663039,8.3721717
82.674649,8.2386744
82.686259,7.7028545
82.697868,8.0886023
82.709478,8.8382317
82.721088,8.8226971
82.732698,8.4065723
82.744308,8.3037378
82.755918,8.0786839
82.767528,8.2572244
82.779138,8.0573464
82.790748,7.5693534
82.802358,7.4780155
82.813968,7.0431361
82.825578,6.7546808
82.837188,6.5014265
82.848798,7.2431653
82.860408,7.4686767
82.872018,6.8195062
82.883628,6.0323646
82.895238,5.7516547
82.906848,6.0675615
82.918458,6.4049789
82.930068,6.364097
82.941678,5.5945218
82.953288,5.1577723
82.964898,5.062489
82.976508,5.7063492
82.988118,6.0351507
82.999728,5.6368324
83.011338,5.1254008
83.022948,4.808811
83.034558,4.6343112
83.046168,5.0998935
83.057778,5.4210684
83.069388,5.0083449
83.080998,4.7653974
83.092608,4.5307255
83.104218,4.9427142
83.115828,5.4530101
83.127438,5.2730628
83.139048,4.785909
83.150658,4.6734746
83.162268,4.7145924
83.173878,4.9852211
83.185488,5.0143425
83.197098,4.7649088
83.208707,4.4214272
83.220317,4.4900241
83.231927,4.5119238
83.243537,6.3670713
83.255147,4.7721823
83.266757,5.3866034
83.278367,5.298468
83.289977,5.1870637
83.301587,5.0278692
83.313197,5.2760178
83.324807,5.6833853
83.336417,4.7220304
83.348027,5.3091044
83.359637,4.2105852
83.371247,5.4467111
83.382857,4.1709316
83.394467,6.0262092
83.406077,4.2128428
83.417687,5.3545547
83.429297,4.0326482
83.440907,4.8121572
83.452517,3.8931372
83.464127,5.1879979
83.475737,3.7735771
83.487347,4.6527716
83.498957,3.8787704
83.510567,4.5514125
83.522177,6.7769733
83.533787,6.1573738
83.545397,7.5661067
83.557007,8.4880809
83.568617,7.1231638
83.580227,8.2430206
83.591837,7.9974864
83.603447,7.1116107
83.615057,8.3735773
83.626667,8.0239846
83.638277,6.7914486
83.649887,7.3633098
83.661497,5.713276
83.673107,5.7012442
83.684717,6.326787
83.696327,5.4586022
83.707937,6.5384933
83.719546,5.2940706
83.731156,5.3090493
83.742766,5.9058441
83.754376,4.6263635
83.765986,5.8509545
83.777596,5.9134004
83.789206,4.3419707
83.800816,5.7028765
83.812426,7.129836
83.824036,5.4432912
83.835646,3.7973851
83.847256,6.4904075
83.858866,5.9317462
83.870476,5.4474852
83.882086,6.2952737
83.893696,6.951938
83.905306,7.0024445
83.916916,6.0086165
83.928526,6.05368
83.940136,6.523643
83.951746,6.4166528
83.963356,4.7662225
83.974966,5.4546678
83.986576,6.0008809
83.998186,5.4420662
84.009796,5.7543304
84.021406,6.0046323
84.033016,5.348092
84.044626,5.7847029
84.056236,5.4229885
84.067846,5.3859665
84.079456,4.5460675
84.091066,5.091057
84.102676,5.1615104
84.114286,4.7207068
84.125896,4.9189604
84.137506,5.4870436
84.149116,4.7031502
84.160726,4.4465495
84.172336,4.9032113
84.183946,4.4525787
84.195556,3.8341228
84.207166,4.732339
84.218776,4.4444294
84.230385,3.8657197
84.241995,4.2360085
84.253605,4.4293737
84.265215,3.6757758
84.276825,3.6592912
84.288435,4.2328954
84.300045,3.5883866
84.311655,3.0810386
84.323265,10.173123
84.334875,12.54254
84.346485,11.127207
84.358095,11.529626
84.369705,11.699346
84.381315,11.871659
84.392925,11.745551
84.404535,11.450252
84.416145,11.070602
84.427755,10.120545
84.439365,10.334299
84.450975,10.113486
84.462585,10.4594
84.474195,10.774399
84.485805,10.556735
84.497415,10.253711
84.509025,10.353262
84.520635,10.972023
84.532245,10.64599
84.543855,10.560619
84.555465,10.514745
84.567075,10.404719
84.578685,9.7370853
84.590295,9.2205663
84.601905,8.8391596
84.613515,8.8152081
84.625125,8.722831
84.636735,8.3843629
84.648345,7.7744624
84.659955,7.8642948
84.671565,7.8676819
84.683175,7.9692765
84.694785,7.5545257
84.706395,7.3917441
84.718005,7.1877861
84.729615,7.0599378
84.741224,6.6737845
84.752834,6.6442809
84.764444,7.0487662
84.776054,7.0928978
84.787664,6.988235
84.799274,7.5831859
84.810884,7.2592927
84.822494,8.2377753
84.834104,7.3886115
84.845714,9.0748845
84.857324,7.6467385
84.868934,7.5012616
84.880544,6.4014055
84.892154,6.7383619
84.903764,7.7500602
84.915374,7.7421024
84.926984,8.1734118
84.938594,7.7213965
84.950204,7.8320305
84.961814,11.340364
84.973424,12.477834
84.985034,9.4443024
84.996644,14.005831
85.008254,8.9072253
85.019864,14.222198
85.031474,12.015566
85.043084,12.984707
85.054694,13.274137
85.066304,9.8974871
85.077914,12.888535
85.089524,7.5246344
85.101134,11.224016
85.112744,8.3192544
85.124354,9.4767541
85.135964,10.175611
85.147574,8.9016982
85.159184,11.395354
85.170794,8.8583678
85.182404,10.990686
85.194014,9.6375095
85.205624,9.4399328
85.217234,10.735787
85.228844,9.4113213
85.240454,10.370128
85.252063,9.1594502
85.263673,15.324977
85.275283,13.821426
85.286893,14.667228
85.298503,16.30743
85.310113,11.473696
85.321723,15.405692
85.333333,10.044523
85.344943,15.06194
85.356553,10.602297
85.368163,12.662519
85.379773,12.532911
85.391383,11.020434
85.402993,14.139141
85.414603,9.117777
85.426213,13.012661
85.437823,11.299056
85.449433,12.697655
85.461043,11.950563
85.472653,10.673843
85.484263,11.996456
85.495873,9.9336905
85.507483,12.099756
85.519093,8.9428218
85.530703,9.7179488
85.542313,9.6596625
85.553923,8.7279775
85.565533,10.21654
85.577143,7.3591271
85.588753,10.030988
85.600363,7.8346331
85.611973,9.6159372
85.623583,8.3054163
85.635193,7.4894047
85.646803,9.1736793
85.658413,6.9893678
85.670023,9.3519696
85.681633,6.4377081
85.693243,8.2613619
85.704853,8.0819946
85.716463,7.9669557
85.728073,8.6114647
85.739683,6.5857591
85.751293,7.6541129
85.762902,6.4040556
85.774512,7.4972741
85.786122,7.0258766
85.797732,6.4978324
85.809342,6.5760374
85.820952,6.8016603
85.832562,7.7805503
85.844172,7.592217
85.855782,15.312023
85.867392,16.710422
85.879002,18.99322
85.890612,19.425142
85.902222,16.931873
85.913832,14.415088
85.925442,13.347411
85.937052,15.185003
85.948662,15.630839
85.960272,14.337147
85.971882,12.772393
85.983492,10.739294
85.995102,10.2027
86.006712,13.194661
86.018322,13.769793
86.029932,12.099615
86.041542,10.738596
86.053152,9.9906658
86.064762,11.300207
86.076372,11.727243
86.087982,11.110986
86.099592,9.249255
86.111202,7.3357965
86.122812,7.9395078
86.134422,8.4721103
86.146032,8.7415008
86.157642,6.5383583
86.169252,5.6003679
86.180862,6.927392
86.192472,7.3753214
86.204082,7.6357957
86.215692,6.5124624
86.227302,4.8960147
86.238912,7.7834443
86.250522,6.2707538
86.262132,7.8853028
86.273741,8.7548991
86.285351,7.293376
86.296961,7.7554587
86.308571,6.9887172
86.320181,9.0857449
86.331791,8.2312506
86.343401,7.1777186
86.355011,7.2896847
86.366621,6.3287146
86.378231,6.9365477
86.389841,6.526866
86.401451,6.2214154
86.413061,6.7787792
86.424671,6.3391116
86.436281,7.0447889
86.447891,6.6005605
86.459501,6.2309911
86.471111,7.0214983
86.482721,6.746294
86.494331,7.3592893
86.505941,6.4842506
86.517551,7.1869104
86.529161,6.608587
86.540771,6.543368
86.552381,6.2936034
86.563991,6.2863051
86.575601,6.3362555
86.587211,5.6327111
86.598821,5.6869081
86.610431,5.2988999
86.622041,6.1007593
86.633651,4.9880068
86.645261,5.5914656
86.656871,4.9766319
86.668481,5.7954722
86.680091,5.0499205
86.691701,4.8468541
86.703311,5.0078999
86.714921,4.5000157
86.726531,5.2411306
86.738141,3.8794583
86.749751,4.8376963
86.761361,3.8085676
86.772971,4.6231219
86.78458,4.1626945
86.79619,4.2659915
86.8078,4.4896571
86.81941,3.7783901
86.83102,4.6468081
86.84263,3.5396681
86.85424,4.2773701
86.86585,3.856719
86.87746,4.29882
86.88907,3.8573775
86.90068,3.5163494
86.91229,4.0407473
86.9239,3.5383344
86.93551,3.7116993
86.94712,2.9796261
86.95873,3.7965252
86.97034,3.6556338
86.98195,3.0681424
86.99356,2.7811634
87.00517,3.3172889
87.01678,3.6431889
87.02839,2.6553052
87.04,2.7551992
87.05161,2.9041369
87.06322,4.8216932
87.07483,3.5369702
87.08644,4.7213097
87.09805,4.3034744
87.10966,4.4068133
87.12127,4.160268
87.13288,4.0383031
87.14449,4.560754
87.1561,4.3346055
87.16771,3.9602261
87.17932,4.1068964
87.19093,4.7650634
87.20254,4.3042675
87.21415,4.4917503
87.22576,4.7025739
87.23737,4.3529852
87.24898,3.5791836
87.26059,3.568139
87.2722,3.9897359
87.28381,3.5385788
87.29542,3.6207857
87.307029,3.291079
87.318639,4.4555387
87.330249,5.1830139
87.341859,7.4903575
87.353469,7.4503161
87.365079,7.2195034
87.376689,8.4040226
87.388299,7.0494924
87.399909,7.8260963
87.411519,8.2686295
87.423129,6.9894916
87.434739,7.7526029
87.446349,7.2905707
87.457959,6.2195076
87.469569,7.0677898
87.481179,5.5011012
87.492789,5.4323441
87.504399,6.2978404
87.516009,4.8338444
87.527619,5.8448262
87.539229,5.6575285
87.550839,4.758975
87.562449,5.991575
87.574059,4.9492231
87.585669,5.4397998
87.597279,5.6280673
87.608889,3.5342092
87.620499,5.0933515
87.632109,6.273727
87.643719,3.3206575
87.655329,5.9542696
87.666939,5.7161173
87.678549,4.7770897
87.690159,4.7658819
87.701769,4.7794427
87.713379,5.6086944
87.724989,5.0907022
87.736599,5.612312
87.748209,6.153977
87.759819,6.2145869
87.771429,5.4129771
87.783039,5.8235156
87.794649,5.9440769
87.806259,4.6391905
87.817868,5.0544287
87.829478,5.5796441
87.841088,4.6251075
87.852698,4.8142162
87.864308,5.211478
87.875918,5.2604305
87.887528,4.4457821
87.899138,4.6738728
87.910748,4.9732498
87.922358,4.1520327
87.933968,4.357361
87.945578,5.0387595
87.957188,4.6476997
87.968798,4.2290221
87.980408,4.9820203
87.992018,4.58304
88.003628,3.9576586
88.015238,4.4725681
88.026848,4.2484925
88.038458,3.5845024
88.050068,4.1311303
88.061678,4.2466486
88.073288,3.6798227
88.084898,3.7555179
88.096508,4.3691413
88.108118,3.7524949
88.119728,3.1871038
88.131338,3.8608607
88.142948,3.4108777
88.154558,2.6164775
88.166168,2.892843
88.177778,2.8739455
88.189388,2.4979239
88.200998,2.4614603
88.212608,2.7311391
88.224218,2.8630635
88.235828,2.6088699
88.247438,2.5876196
88.259048,2.593442
88.270658,2.3900582
88.282268,2.3247408
88.293878,9.7220371
88.305488,13.407885
88.317098,15.00806
88.328707,14.013965
88.340317,14.547213
88.351927,13.650901
88.363537,13.194849
88.375147,13.106
88.386757,12.768575
88.398367,13.181045
88.409977,12.721892
88.421587,12.571827
88.433197,12.32662
88.444807,11.864666
88.456417,11.343304
88.468027,10.959987
88.479637,10.708489
88.491247,10.437571
88.502857,10.243838
88.514467,10.001106
88.526077,10.701841
88.537687,10.392074
88.549297,9.4396563
88.560907,9.5370016
88.572517,9.5522846
88.584127,8.6638993
88.595737,7.6874086
88.607347,7.4259677
88.618957,7.3670662
88.630567,7.5714127
88.642177,7.2290962
88.653787,6.9130202
88.665397,6.8025115
88.677007,6.6109388
88.688617,6.416221
88.700227,5.9567058
88.711837,6.0766184
88.723447,6.0842605
88.735057,5.813256
88.746667,5.7828951
88.758277,6.0759811
88.769887,6.2495883
88.781497,6.832882
88.793107,6.9431706
88.804717,6.909718
88.816327,6.7604351
88.827937,6.7704084
88.839546,6.3684551
88.851156,6.2565864
88.862766,6.3910387
88.874376,5.9694299
88.885986,6.0663133
88.897596,6.13576
88.909206,5.8178889
88.920816,6.2502537
88.932426,9.5412091
88.944036,11.688084
88.955646,10.305344
88.967256,12.146136
88.978866,7.9094652
88.990476,10.658281
89.002086,8.2936422
89.013696,8.6034567
89.025306,9.4255205
89.036916,5.0829966
89.048526,8.8449698
89.060136,5.3121458
89.071746,8.3620982
89.083356,7.8608691
89.094966,5.9885527
89.106576,8.5956342
89.118186,4.5504476
89.129796,7.9188679
89.141406,9.3945394
89.153016,15.079984
89.164626,19.215376
89.176236,15.379392
89.187846,17.912587
89.199456,16.025727
89.211066,15.442016
89.222676,16.349416
89.234286,13.945304
89.245896,16.427764
89.257506,13.981222
89.269116,14.679111
89.280726,14.557596
89.292336,13.157609
89.303946,13.804015
89.315556,15.298403
89.327166,15.682435
89.338776,13.186411
89.350385,12.110774
89.361995,14.99762
89.373605,10.05873
89.385215,15.713716
89.396825,7.6655588
89.408435,14.947786
89.420045,8.8683374
89.431655,12.510387
89.443265,9.8898857
89.454875,10.032514
89.466485,10.024314
89.478095,9.286126
89.489705,9.6845235
89.501315,6.8936855
89.512925,11.296036
89.524535,13.126947
89.536145,12.606701
89.547755,12.244092
89.559365,12.280809
89.570975,12.298305
89.582585,11.884783
89.594195,11.702368
89.605805,11.515366
89.617415,10.249051
89.629025,10.563132
89.640635,10.382513
89.652245,10.590298
89.663855,11.061235
89.675465,10.613254
89.687075,10.80051
89.698685,11.186342
89.710295,11.642667
89.721905,11.687898
89.733515,11.352127
89.745125,11.025013
89.756735,10.419483
89.768345,9.9515807
89.779955,9.6039399
89.791565,9.1756177
89.803175,8.4999314
89.814785,7.7973618
89.826395,7.6248609
89.838005,7.7561364
89.849615,8.2912247
89.861224,8.3227428
89.872834,7.6058249
89.884444,7.0673905
89.896054,7.2727229
89.907664,7.5516808
89.919274,8.5024854
89.930884,6.7272816
89.942494,6.8047789
89.954104,7.8318762
89.965714,7.7873306
89.977324,7.3135387
89.988934,5.7734068
90.000544,6.6356332
90.012154,7.3024218
90.023764,7.425793
90.035374,7.6784655
90.046984,6.2444161
90.058594,7.6787093
90.070204,12.364094
90.081814,10.93141
90.093424,11.021376
90.105034,13.20017
90.116644,7.4816688
90.128254,13.482539
90.139864,9.3598855
90.151474,12.804625
90.163084,11.069816
90.174694,9.9619189
90.186304,11.775457
90.197914,7.2173996
90.209524,10.803261
90.221134,7.2764911
90.232744,9.4743518
90.244354,9.148917
90.255964,7.4928388
90.267574,11.193187
90.279184,9.7023856
90.290794,11.832692
90.302404,11.027731
90.314014,13.484731
90.325624,14.826682
90.337234,11.709787
90.348844,14.489667
90.360454,10.824568
90.372063,12.240801
90.383673,8.8224244
90.395283,9.1390033
90.406893,8.7634397
90.418503,8.606487
90.430113,7.9418452
90.441723,9.7181037
90.453333,10.336168
90.464943,10.425952
90.476553,12.129195
90.488163,11.375379
90.499773,11.972065
90.511383,10.828537
90.522993,9.7627359
90.534603,9.7505672
90.546213,7.6081809
90.557823,7.0454075
90.569433,6.1017368
90.581043,5.7869781
90.592653,5.5311062
90.604263,6.7075196
90.615873,7.0978214
90.627483,7.414658
90.639093,7.1891663
90.650703,6.8290302
90.662313,11.68749
90.673923,14.895671
90.685533,15.888237
90.697143,15.296437
90.708753,15.433116
90.720363,14.62074
90.731973,14.346299
90.743583,13.694849
90.755193,13.669234
90.766803,13.280937
90.778413,12.789458
90.790023,12.58209
90.801633,12.597606
90.813243,12.276919
90.824853,11.484363
90.836463,10.908752
90.848073,11.482922
90.859683,10.804359
90.871293,11.346726
90.882902,10.366872
90.894512,11.202073
90.906122,10.617868
90.917732,9.7501472
90.929342,10.266986
90.940952,10.290507
90.952562,9.232908
90.964172,8.39194
90.975782,8.0584681
90.987392,7.5040573
90.999002,8.2964844
91.010612,6.8963148
91.022222,7.4103
91.033832,6.6019628
91.045442,6.6837271
91.057052,6.6551139
91.068662,6.7407028
91.080272,8.1485243
91.091882,7.8627912
91.103492,6.3582924
91.115102,8.4213519
91.126712,7.1055803
91.138322,6.6415436
91.149932,7.4036271
91.161542,6.8961899
91.173152,6.8217807
91.184762,6.5242899
91.196372,7.2652305
91.207982,5.617391
91.219592,7.1247302
91.231202,5.5478558
91.242812,5.9354603
91.254422,7.7986532
91.266032,8.1282353
91.277642,7.9219404
91.289252,7.1943321
91.300862,7.6718668
91.312472,7.274765
91.324082,6.9724341
91.335692,6.8659251
91.347302,7.1508147
91.358912,6.2171012
91.370522,6.6953732
91.382132,7.6140074
91.393741,7.6134274
91.405351,7.3592229
91.416961,7.0588486
91.428571,7.7049479
91.440181,8.37451
91.451791,8.2952582
91.463401,8.5963466
91.475011,9.6285271
91.486621,9.3364776
91.498231,9.8585758
91.509841,8.835137
91.521451,7.9962653
91.533061,7.2790269
91.544671,7.2960068
91.556281,6.327313
91.567891,8.503809
91.579501,6.8775883
91.591111,8.1428727
91.602721,8.1736988
91.614331,6.9653503
91.625941,7.9522909
91.637551,6.5337036
91.649161,7.1076048
91.660771,6.7882812
91.672381,8.0984686
91.683991,8.1789608
91.695601,10.434103
91.707211,5.4878355
91.718821,10.765814
91.730431,6.6211066
91.742041,10.085178
91.753651,8.9857545
91.765261,8.7557138
91.776871,9.5037572
91.788481,5.4731646
91.800091,10.599246
91.811701,6.1659763
91.823311,9.9663774
91.834921,7.4053894
91.846531,8.1729261
91.858141,9.0692327
91.869751,7.0702533
91.881361,9.4928065
91.892971,13.422593
91.90458,14.372058
91.91619,11.201079
91.9278,8.7262314
91.93941,9.9158311
91.95102,11.311641
91.96263,13.056809
91.97424,10.665537
91.98585,7.3584685
91.99746,7.1505114
92.00907,9.6978749
92.02068,11.583111
92.03229,9.4901983
92.0439,7.3749777
92.05551,6.8097379
92.06712,8.770177
92.07873,10.030248
92.09034,9.9299175
92.10195,8.3518199
92.11356,5.7263482
92.12517,6.2874792
92.13678,8.5004901
92.14839,8.471995
92.16,7.0670501
92.17161,5.1968071
92.18322,5.2232478
92.19483,6.8235423
92.20644,7.491786
92.21805,5.8743711
92.22966,5.0560394
92.24127,4.8056491
92.25288,6.3539819
92.26449,7.1655556
92.2761,5.3415069
92.28771,5.0845479
92.29932,4.3356108
92.31093,6.4302315
92.32254,7.2015526
92.33415,5.4853596
92.34576,6.3019286
92.35737,6.93085
92.36898,6.1226178
92.38059,4.1529604
92.3922,6.4937509
92.40381,5.9336463
92.41542,4.1271864
92.427029,4.5151123
92.438639,6.9720409
92.450249,5.7241666
92.461859,5.0435747
92.473469,6.4443319
92.485079,5.6501735
92.496689,3.5641487
92.508299,5.1412729
92.519909,6.7016719
92.531519,6.7178917
92.543129,6.5512602
92.554739,9.1473588
92.566349,6.7012512
92.577959,8.4220778
92.589569,8.8169768
92.601179,6.714675
92.612789,8.9025081
92.624399,8.6202432
92.636009,6.8107418
92.647619,8.3521641
92.659229,6.3388206
92.670839,6.448635
92.682449,6.6071236
92.694059,4.8377912
92.705669,6.6216565
92.717279,6.5400022
92.728889,5.0117935
92.740499,6.7525295
92.752109,5.054008
92.763719,5.2576083
92.775329,6.5381375
92.786939,6.5044986
92.798549,6.2918137
92.810159,3.1047338
92.821769,7.5262041
92.833379,6.8400039
92.844989,5.309481
92.856599,7.6659698
92.868209,7.1524911
92.879819,7.0058904
92.891429,6.8092945
92.903039,6.2932399
92.914649,6.3283663
92.926259,5.853288
92.937868,6.4736279
92.949478,5.5420941
92.961088,6.4271469
92.972698,6.3947166
92.984308,6.3927129
92.995918,6.54635
93.007528,5.6367191
93.019138,5.9993573
93.030748,6.0588056
93.042358,5.2222064
93.053968,5.3199873
93.065578,5.0366264
93.077188,5.0596089
93.088798,5.2108903
93.100408,5.1850488
93.112018,5.5477008
93.123628,5.0645519
93.135238,5.0338123
93.146848,5.0284616
93.158458,4.4080061
93.170068,4.489819
93.181678,4.9333157
93.193288,4.3032994
93.204898,4.440959
93.216508,4.7885091
93.228118,4.5898357
93.239728,3.9571931
93.251338,4.256235
93.262948,4.6914838
93.274558,12.937951
93.286168,15.235005
93.297778,15.660762
93.309388,14.161313
93.320998,13.410487
93.332608,13.07214
93.344218,12.183792
93.355828,13.165615
93.367438,12.610963
93.379048,11.561891
93.390658,10.444414
93.402268,10.557713
93.413878,10.239529
93.425488,10.456379
93.437098,10.758317
93.448707,10.192176
93.460317,10.333195
93.471927,10.069437
93.483537,10.244267
93.495147,9.5096688
93.506757,8.7406597
93.518367,8.2472279
93.529977,7.7105512
93.541587,7.7297407
93.553197,7.3132463
93.564807,7.0317226
93.576417,6.4846496
93.588027,6.5241478
93.599637,6.8706021
93.611247,6.2413611
93.622857,5.9480528
93.634467,6.3561797
93.646077,5.5702366
93.657687,6.3997967
93.669297,6.0144975
93.680907,5.4426754
93.692517,5.2495596
93.704127,5.0028007
93.715737,5.2548783
93.727347,5.1719109
93.738957,4.8436285
93.750567,5.7262
93.762177,5.2618073
93.773787,6.8221069
93.785397,5.9279946
93.797007,6.2903166
93.808617,5.8129073
93.820227,5.3394122
93.831837,5.9211234
93.843447,5.0715966
93.855057,5.0372325
93.866667,5.7382097
93.878277,8.5990592
93.889887,9.9851337
93.901497,9.0137048
93.913107,10.187856
93.924717,11.420796
93.936327,11.794603
93.947937,10.208756
93.959546,9.5211304
93.971156,9.4762807
93.982766,10.886089
93.994376,10.622822
94.005986,9.8952646
94.017596,8.6282988
94.029206,8.7272077
94.040816,10.292544
94.052426,10.565411
94.064036,10.371435
94.075646,9.7538737
94.087256,8.340321
94.098866,9.5281249
94.110476,10.447478
94.122086,10.23684
94.133696,12.344835
94.145306,9.6130555
94.156916,10.784827
94.168526,13.672773
94.180136,13.780278
94.191746,12.518711
94.203356,9.9080129
94.214966,8.6098576
94.226576,10.42517
94.238186,12.08333
94.249796,11.90479
94.261406,10.004899
94.273016,6.4842376
94.284626,8.1998339
94.296236,10.455511
94.307846,10.69358
94.319456,9.8617013
94.331066,7.1608157
94.342676,5.9480857
94.354286,8.6121567
94.365896,10.012613
94.377506,7.5648332
94.389116,11.644132
94.400726,10.374525
94.412336,11.737507
94.423946,13.159479
94.435556,9.7534471
94.447166,9.2468793
94.458776,9.9124326
94.470385,9.3855284
94.481995,11.187503
94.493605,9.5940557
94.505215,6.2973846
94.516825,7.0758651
94.528435,5.6990887
94.540045,9.0390433
94.551655,7.8618866
94.563265,4.4107765
94.574875,5.6126673
94.586485,4.1595653
94.598095,5.9993963
94.609705,7.8532556
94.621315,6.4092345
94.632925,4.2531672
94.644535,5.5978844
94.656145,5.0147328
94.667755,3.8664495
94.679365,4.7318218
94.690975,4.7236179
94.702585,6.385983
94.714195,6.0996041
94.725805,4.8692755
94.737415,4.7161423
94.749025,3.8954884
94.760635,4.4332562
94.772245,4.7438071
94.783855,4.1908847
94.795465,4.7572973
94.807075,4.5583324
94.818685,4.0220578
94.830295,4.6793236
94.841905,5.0886307
94.853515,4.7839306
94.865125,4.7327313
94.876735,4.3528616
94.888345,4.15483
94.899955,4.6066811
94.911565,4.562406
94.923175,4.3728918
94.934785,4.2869251
94.946395,3.9573971
94.958005,3.9905455
94.969615,4.0501629
94.981224,4.1407326
94.992834,3.3952921
95.004444,3.5707003
95.016054,3.2709679
95.027664,3.5869489
95.039274,3.6599144
95.050884,3.1268476
95.062494,2.5984422
95.074104,2.4873483
95.085714,3.0586161
95.097324,3.4563164
95.108934,3.0962265
95.120544,2.6241153
95.132154,2.5636812
95.143764,2.8097052
95.155374,3.1120272
95.166984,3.105744
95.178594,2.4698471
95.190204,2.3303807
95.201814,2.5650342
95.213424,2.6249499
95.225034,2.9110704
95.236644,4.4825158
95.248254,3.3291783
95.259864,3.6698939
95.271474,4.8012024
95.283084,4.1178073
95.294694,4.8664232
95.306304,5.7551353
95.317914,5.4299867
95.329524,5.592839
95.341134,4.7949659
95.352744,5.5618243
95.364354,4.4019554
95.375964,4.0058468
95.387574,4.5824059
95.399184,3.9316387
95.410794,5.1185442
95.422404,3.9524948
95.434014,4.250834
95.445624,4.5607834
95.457234,4.4145081
95.468844,4.2236747
95.480454,3.831398
95.492063,5.819667
95.503673,6.2780631
95.515283,7.1521709
95.526893,6.8317599
95.538503,7.711296
95.550113,6.5745613
95.561723,6.0525863
95.573333,8.5024501
95.584943,7.2854081
95.596553,6.1412919
95.608163,7.2902885
95.619773,6.3218751
95.631383,5.3117999
95.642993,6.0050546
95.654603,5.2380124
95.666213,5.6286337
95.677823,4.5199887
95.689433,5.1932217
95.701043,6.229199
95.712653,3.4709369
95.724263,5.2843954
95.735873,5.5177778
95.747483,3.5501465
95.759093,5.3092429
95.770703,5.1980493
95.782313,3.6833914
95.793923,4.7930488
95.805533,5.2650597
95.817143,5.1623079
95.828753,5.8032195
95.840363,5.8425863
95.851973,6.8597457
95.863583,6.0750449
95.875193,5.7027966
95.886803,6.0039071
95.898413,6.3140533
95.910023,4.7978761
95.921633,4.4323646
95.933243,5.6320211
95.944853,5.5132993
95.956463,4.7304648
95.968073,5.0424232
95.979683,5.6017081
95.991293,5.0150627
96.002902,4.4420254
96.014512,5.1378245
96.026122,4.6986301
96.037732,3.4895868
96.049342,4.0756186
96.060952,5.199901
96.072562,4.3537812
96.084172,4.0643563
96.095782,4.6128813
96.107392,4.4712332
96.119002,4.416714
96.130612,3.8976694
96.142222,3.6206771
96.153832,4.0810446
96.165442,4.3504573
96.177052,3.5627968
96.188662,3.1855369
96.200272,3.9560113
96.211882,4.0837572
96.223492,2.4805948
96.235102,3.3216772
96.246712,4.4693582
96.258322,8.2585305
96.269932,9.1402176
96.281542,9.2746109
96.293152,9.6021909
96.304762,9.7846303
96.316372,9.3889608
96.327982,8.5149294
96.339592,8.7278513
96.351202,8.2108711
96.362812,7.737032
96.374422,8.027216
96.386032,8.2854043
96.397642,8.3417265
96.409252,8.6919869
96.420862,8.4412735
96.432472,8.4385575
96.444082,8.8456231
96.455692,8.8595589
96.467302,8.6420345
96.478912,8.7073137
96.490522,8.443745
96.502132,8.5310017
96.513741,8.2815554
96.525351,7.6856533
96.536961,7.5880254
96.548571,7.084374
96.560181,7.329669
96.571791,6.9672455
96.583401,7.0201529
96.595011,6.848459
96.606621,6.5935124
96.618231,6.523368
96.629841,6.2026899
96.641451,6.2442878
96.653061,6.3080723
96.664671,5.865222
96.676281,5.7133261
96.687891,8.6682548
96.699501,4.9754456
96.711111,6.8582462
96.722721,6.2403676
96.734331,7.3010831
96.745941,5.3014436
96.757551,6.4278616
96.769161,5.8183374
96.780771,4.8613293
96.792381,7.4147651
96.803991,5.3505985
96.815601,9.5101441
96.827211,12.155873
96.838821,7.9875613
96.850431,12.297456
96.862041,9.8492027
96.873651,11.16279
96.885261,11.350824
96.896871,10.110573
96.908481,12.193506
96.920091,8.9640925
96.931701,12.021443
96.943311,8.6838114
96.954921,10.791659
96.966531,9.8974691
96.978141,8.3194227
96.989751,10.176754
97.001361,6.4364015
97.012971,9.209771
97.02458,7.6624024
97.03619,8.4983337
97.0478,8.6744953
97.05941,12.219582
97.07102,12.607833
97.08263,9.9930232
97.09424,14.073611
97.10585,8.4690029
97.11746,14.352526
97.12907,8.803563
97.14068,12.896287
97.15229,10.05143
97.1639,10.382264
97.17551,11.134915
97.18712,7.9158011
97.19873,12.328036
97.21034,7.8655985
97.22195,11.875027
97.23356,9.1101417
97.24517,11.025789
97.25678,11.115497
97.26839,8.5458967
97.28,11.675279
97.29161,7.257697
97.30322,11.051633
97.31483,7.576689
97.32644,8.4406267
97.33805,8.4405603
97.34966,6.8116494
97.36127,8.9581618
97.37288,6.0444342
97.38449,9.0213672
97.3961,6.6286126
97.40771,8.2746727
97.41932,8.7926911
97.43093,18.226795
97.44254,18.021864
97.45415,15.037265
97.46576,14.128133
97.47737,14.344733
97.48898,15.759756
97.50059,16.279957
97.5122,13.632693
97.52381,10.914897
97.53542,10.437264
97.547029,13.810921
97.558639,12.64754
97.570249,11.632727
97.581859,11.948066
97.593469,11.798785
97.605079,10.163396
97.616689,14.089335
97.628299,14.705073
97.639909,12.304929
97.651519,10.241816
97.663129,9.4150474
97.674739,11.629433
97.686349,10.809632
97.697959,9.5350265
97.709569,9.0171703
97.721179,7.9144901
97.732789,10.187382
97.744399,10.974652
97.756009,9.0681398
97.767619,7.9933266
97.779229,8.5044881
97.790839,8.0096811
97.802449,9.0752201
97.814059,8.7262294
97.825669,7.4245279
97.837279,8.1582991
97.848889,8.7979076
97.860499,10.195564
97.872109,6.6360665
97.883719,6.1161782
97.895329,7.1248796
97.906939,6.7013655
97.918549,8.4621874
97.930159,6.9118377
97.941769,6.1236734
97.953379,6.6010559
97.964989,6.9737351
97.976599,8.7968456
97.988209,7.8454879
97.999819,8.3290004
98.011429,8.5697214
98.023039,7.3121789
98.034649,8.5017119
98.046259,8.0608251
98.057868,7.5351045
98.069478,6.8713139
98.081088,5.6948284
98.092698,6.7490751
98.104308,6.6954024
98.115918,7.3643729
98.127528,6.8191726
98.139138,5.8369406
98.150748,5.7744807
98.162358,6.187828
98.173968,6.1152503
98.185578,6.5081514
98.197188,6.4548138
98.208798,5.669751
98.220408,6.7816488
98.232018,5.946962
98.243628,6.4367422
98.255238,6.5806364
98.266848,5.8350003
98.278458,6.7107317
98.290068,6.0245222
98.301678,6.0356279
98.313288,6.4062043
98.324898,6.6958794
98.336508,12.161466
98.348118,12.038095
98.359728,12.80473
98.371338,14.835211
98.382948,13.475722
98.394558,13.867957
98.406168,12.56537
98.417778,13.913684
98.429388,13.225011
98.440998,12.213422
98.452608,11.674715
98.464218,10.397847
98.475828,12.386707
98.487438,12.018889
98.499048,12.894827
98.510658,12.406091
98.522268,11.83129
98.533878,12.398025
98.545488,10.721379
98.557098,21.150335
98.568707,21.920003
98.580317,20.634271
98.591927,16.663499
98.603537,13.45064
98.615147,14.91181
98.626757,18.085604
98.638367,18.007715
98.649977,14.70214
98.661587,9.7706729
98.673197,11.258057
98.684807,14.103
98.696417,14.181512
98.708027,14.549764
98.719637,12.05914
98.731247,9.2160695
98.742857,12.253697
98.754467,13.416995
98.766077,14.049204
98.777687,14.144909
98.789297,11.481995
98.800907,11.811227
98.812517,12.102639
98.824127,13.952508
98.835737,11.900658
98.847347,11.073582
98.858957,11.333097
98.870567,11.004027
98.882177,11.527394
98.893787,11.454801
98.905397,11.040444
98.917007,11.750332
98.928617,12.389708
98.940227,10.605884
98.951837,11.878384
98.963447,11.757913
98.975057,11.079164
98.986667,12.701775
98.998277,11.689536
99.009887,10.182005
99.021497,10.875531
99.033107,8.8158191
99.044717,9.2713448
99.056327,9.2783576
99.067937,8.0586511
99.079546,7.4277154
99.091156,8.1237557
99.102766,6.2689208
99.114376,8.7830666
99.125986,7.9300436
99.137596,6.7837578
99.149206,5.8718857
99.160816,5.9422743
99.172426,7.1475709
99.184036,7.689442
99.195646,7.1322822
99.207256,5.7496348
99.218866,5.9963743
99.230476,6.422264
99.242086,9.8910545
99.253696,11.093121
99.265306,12.343409
99.276916,12.078309
99.288526,12.661825
99.300136,11.741941
99.311746,12.234196
99.323356,11.363463
99.334966,10.263541
99.346576,10.547513
99.358186,9.8358132
99.369796,9.7468522
99.381406,9.5464532
99.393016,11.219232
99.404626,11.391297
99.416236,11.117907
99.427846,11.485561
99.439456,10.313971
99.451066,10.64028
99.462676,10.940901
99.474286,10.776837
99.485896,11.695079
99.497506,9.5409899
99.509116,9.7948727
99.520726,8.5105201
99.532336,8.8823473
99.543946,9.4740854
99.555556,8.8969308
99.567166,19.290972
99.578776,19.40838
99.590385,17.264304
99.601995,15.430983
99.613605,15.561441
99.625215,16.117716
99.636825,16.429047
99.648435,16.065121
99.660045,13.340722
99.671655,10.960395
99.683265,12.2237
99.694875,13.75313
99.706485,13.429805
99.718095,11.967038
99.729705,9.9119089
99.741315,8.9462602
99.752925,12.102272
99.764535,12.773796
99.776145,11.508119
99.787755,9.9852881
99.799365,7.9584265
99.810975,9.478166
99.822585,10.65367
99.834195,9.7632293
99.845805,8.0452841
99.857415,5.8566217
99.869025,8.1616042
99.880635,9.3176444
99.892245,9.3302626
99.903855,8.6402944
99.915465,13.309035
99.927075,9.7253529
99.938685,9.9234708
99.950295,10.638321
99.961905,11.719449
99.973515,10.281421
99.985125,10.486906
99.996735,8.2022105
100.00834,9.3574133
100.01995,8.8915739
100.03156,8.3756515
100.04317,8.9624537
100.05478,7.7549284
100.06639,8.4421678
100.078,7.3204179
100.08961,5.6338303
100.10122,7.4342059
100.11283,7.718665
100.12444,8.3950116
100.13605,7.304925
100.14766,6.1628334
100.15927,5.3789767
100.17088,6.3833358
100.18249,6.9200659
100.1941,6.226719
100.20571,4.9052713
100.21732,5.2616811
100.22893,4.7413466
100.24054,6.1194296
100.25215,5.8251454
100.26376,5.2376838
100.27537,5.4175527
100.28698,4.569749
100.29859,4.9421849
100.3102,5.8759351
100.32181,5.1182587
100.33342,5.3752483
100.34503,4.9015205
100.35664,5.5264713
100.36825,5.25361
100.37986,4.6603427
100.39147,5.3721965
100.40308,4.8752017
100.41469,5.2035268
100.4263,4.7553844
100.43791,5.0424776
100.44952,5.4751572
100.46113,6.1203929
100.47274,6.2928464
100.48435,6.2226863
100.49596,5.6293683
100.50757,5.9984233
100.51918,6.1667691
100.53079,6.0761514
100.5424,6.5143947
100.55401,5.9538882
100.56562,5.9252883
100.57723,5.6596677
100.58884,5.9960226
100.60045,5.7142452
100.61206,6.1309662
100.62367,5.4948613
100.63528,5.3131875
100.64689,5.5040109
100.6585,5.2247152
100.67011,5.6294397
100.68172,4.7598473
100.69333,4.6184675
100.70494,4.4812254
100.71655,4.3133289
100.72816,4.2689668
100.73977,4.7119151
100.75138,4.3804094
100.76299,3.9087244
100.7746,3.6802688
100.78621,4.076604
100.79782,3.66537
100.80943,3.589318
100.82104,3.6619674
100.83265,8.6000332
100.84426,11.823563
100.85587,10.278873
100.86748,10.906021
100.87909,10.502334
100.8907,10.384952
100.90231,10.507058
100.91392,10.761679
100.92553,10.883091
100.93714,9.9165607
100.94875,9.260894
100.96036,9.6189386
100.97197,9.2427733
100.98358,10.163629
100.99519,9.6705639
101.0068,9.0714918
101.01841,9.1382288
101.03002,9.6446445
101.04163,9.6963967
101.05324,9.5883752
101.06485,8.8371318
101.07646,8.8086672
101.08807,7.9794374
101.09968,8.9362772
101.11129,17.40523
101.1229,17.44664
101.13451,15.931597
101.14612,12.517204
101.15773,11.87511
101.16934,13.092273
101.18095,15.504964
101.19256,15.264534
101.20417,12.239837
101.21578,7.8674041
101.22739,10.527222
101.239,12.289422
101.25061,12.152068
101.26222,11.701602
101.27383,9.6286021
101.28544,8.2371806
101.29705,10.609136
101.30866,12.049023
101.32027,11.759619
101.33188,9.3069019
101.34349,6.3715434
101.3551,7.6067267
101.36671,8.993263
101.37832,9.5400166
101.38993,7.300532
101.40154,4.7790936
101.41315,7.5394575
101.42476,8.485811
101.43637,8.9347148
101.44798,7.1841614
101.45959,5.5783898
101.4712,7.4402444
101.48281,8.8638832
101.49442,8.9595669
101.50603,6.6641674
101.51764,5.5262137
101.52925,6.2364546
101.54086,8.1171965
101.55247,9.7553967
101.56408,9.1292386
101.57569,7.2549643
101.5873,6.9236233
101.59891,8.0086988
101.61052,8.4257275
101.62213,7.112234
101.63374,5.9106904
101.64535,6.5644419
101.65696,7.0290012
101.66857,7.0433556
101.68018,6.1632064
101.69179,4.9165144
101.7034,5.0037408
101.71501,5.7588339
101.72662,6.4687673
101.73823,6.3126222
101.74984,7.0235193
101.76145,6.8113945
101.77306,6.8821142
101.78467,6.3969211
101.79628,6.0762593
101.80789,5.6500315
101.8195,5.0544225
101.83111,6.4851601
101.84272,6.5240708
101.85433,6.1693788
101.86594,6.2731767
101.87755,5.4635681
101.88916,4.4808582
101.90077,5.3027466
101.91238,4.3796722
101.92399,5.3906729
101.9356,4.6139912
101.94721,3.9915025
101.95882,4.2424353
101.97043,3.563441
101.98204,4.0355886
101.99365,4.2120389
102.00526,3.4631351
102.01687,3.312652
102.02848,3.2263592
102.04009,4.1835444
102.0517,4.6975774
102.06331,4.0613439
102.07492,3.1064089
102.08653,3.1523907
102.09814,3.5891124
102.10975,4.1535454
102.12136,3.5731139
102.13297,3.4035629
102.14458,2.3761435
102.15619,2.768362
102.1678,3.139417
102.17941,3.167083
102.19102,2.9995063
102.20263,2.3639641
102.21424,2.7679274
102.22585,3.098373
102.23746,2.976879
102.24907,3.2361986
102.26068,2.8562815
102.27229,2.5311388
102.2839,2.8824915
102.29551,3.2446616
102.30712,2.8837101
102.31873,2.8824066
102.33034,2.6577894
102.34195,2.5577988
102.35356,2.8542197
102.36517,2.9029555
102.37678,2.6060821
102.38839,2.7372901
102.4,2.6010499
102.41161,2.5438697
102.42322,2.661677
102.43483,2.5765669
102.44644,2.6614502
102.45805,2.794833
102.46966,2.5293546
102.48127,2.179978
102.49288,2.1664443
102.50449,2.6400535
102.5161,2.3415556
102.52771,1.8575095
102.53932,2.814263
102.55093,2.3816718
102.56254,2.057202
102.57415,2.5076379
102.58576,2.4215992
102.59737,2.5948188
102.60898,2.5133114
102.62059,2.7488449
102.6322,2.5816145
102.64381,2.4538503
102.65542,2.5631889
102.66703,2.0050207
102.67864,2.3830867
102.69025,2.2514563
102.70186,1.7983633
102.71347,1.9098529
102.72508,1.8990828
102.73669,1.7694213
102.7483,1.9016452
102.75991,1.6801459
102.77152,1.8046324
102.78313,1.6883019
102.79474,1.8254091
102.80635,1.8643687
102.81796,1.6370444
102.82957,1.7851889
102.84118,1.7082413
102.85279,1.6277852
102.8644,1.534427
102.87601,1.3853884
102.88762,1.4429982
102.89923,1.3455032
102.91084,1.4522708
102.92245,1.4808186
102.93406,1.3284151
102.94567,1.3199672
102.95728,1.1072766
102.96889,1.0518831
102.9805,1.1480784
102.99211,1.0778538
103.00372,1.0515528
103.01533,0.90165128
103.02694,0.52646092
103.03855,0.7946056
103.05016,0.78644266
103.06177,0.63248599
103.07338,0.61445463
103.08499,0.61497255
103.0966,0.8600196
103.10821,0.76634122
103.11982,0.84799607
103.13143,0.75086957
103.14304,0.76315973
103.15465,0.79408026
103.16626,0.83128417
103.17787,0.75990777
103.18948,0.53180495
103.20109,0.68728362
103.2127,0.75268521
103.22431,0.66388201
103.23592,0.57924526
103.24753,0.48590708
103.25914,0.4562869
103.27075,0.49709232
103.28236,7.137814
103.29397,10.496525
103.30558,9.3429539
103.31719,11.114174
103.3288,11.377619
103.34041,10.850421
103.35202,10.650199
103.36363,11.244321
103.37524,11.561309
103.38685,11.217945
103.39846,11.043358
103.41007,11.010846
103.42168,11.009408
103.43329,10.953236
103.4449,9.7033895
103.45651,9.7099723
103.46812,9.4011198
103.47973,9.6421105
103.49134,9.167227
103.50295,8.7886607
103.51456,8.5975795
103.52617,8.8845424
103.53778,8.3333476
103.54939,8.1769756
103.561,8.079562
103.57261,8.1258347
103.58422,8.0456126
103.59583,7.9679487
103.60744,7.923839
103.61905,8.0613541
103.63066,8.1206327
103.64227,7.8638145
103.65388,7.355944
103.66549,6.7580836
103.6771,6.898078
103.68871,6.7626608
103.70032,6.7964407
103.71193,6.1546142
103.72354,5.9166476
103.73515,6.0397226
103.74676,6.091644
103.75837,5.7097594
103.76998,5.0595813
103.78159,5.0054987
103.7932,5.2966154
103.80481,5.3541726
103.81642,4.7465055
103.82803,4.0178483
103.83964,3.7965063
103.85125,4.3057741
103.86286,5.1713021
103.87447,8.7574084
103.88608,10.340532
103.89769,10.606225
103.9093,9.5440031
103.92091,11.24135
103.93252,10.785115
103.94413,9.5752335
103.95574,10.409728
103.96735,11.03177
103.97896,10.37674
103.99057,12.802235
104.00218,10.660277
104.01379,8.2723252
104.0254,13.084373
104.03701,12.203302
104.04862,6.6007788
104.06023,12.209452
104.07184,14.980268
104.08345,12.092977
104.09506,9.0235041
104.10667,14.927345
104.11828,11.424457
104.12989,11.559168
104.1415,12.737947
104.15311,10.135062
104.16472,10.6345
104.17633,8.8672782
104.18794,8.4870059
104.19955,7.5218717
104.21116,7.4420832
104.22277,7.4437937
104.23438,7.6986939
104.24599,6.8951054
104.2576,6.5663704
104.26921,5.9081909
104.28082,5.9468173
104.29243,5.7149497
104.30404,5.9809853
104.31565,5.9344084
104.32726,5.0963336
104.33887,6.4351152
104.35048,6.7950764
104.36209,5.8326148
104.3737,6.0506861
104.38531,6.0806282
104.39692,7.4512637
104.40853,11.159761
104.42014,12.328214
104.43175,9.4494974
104.44336,9.4919697
104.45497,9.7115013
104.46658,9.6400251
104.47819,9.0787051
104.4898,8.8257255
104.50141,8.4699157
104.51302,8.2406549
104.52463,7.7412351
104.53624,7.6022033
104.54785,8.2008444
104.55946,7.2557965
104.57107,7.6992016
104.58268,8.9638962
104.59429,6.8940063
104.6059,6.4363481
104.61751,13.700474
104.62912,13.479382
104.64073,11.534401
104.65234,11.032585
104.66395,13.421878
104.67556,12.823332
104.68717,11.031732
104.69878,12.952017
104.71039,11.94537
104.722,10.957981
104.73361,11.93844
104.74522,12.114678
104.75683,11.139898
104.76844,9.9232379
104.78005,10.611541
104.79166,9.7082407
104.80327,8.5818221
104.81488,9.3467366
104.82649,11.504743
104.8381,9.6819227
104.84971,11.374787
104.86132,11.153671
104.87293,11.738628
104.88454,11.363392
104.89615,11.541476
104.90776,12.334089
104.91937,11.122559
104.93098,11.253597
104.94259,10.132254
104.9542,10.220723
104.9658,9.4712844
104.97741,9.1774121
104.98902,8.8144856
105.00063,9.7002378
105.01224,9.4851618
105.02385,9.5156949
105.03546,9.3089748
105.04707,9.3362748
105.05868,9.7477347
105.07029,9.3790303
105.0819,10.471168
105.09351,9.8244647
105.10512,10.327765
105.11673,9.8512571
105.12834,11.474015
105.13995,18.919985
105.15156,14.873212
105.16317,14.761304
105.17478,16.689386
105.18639,16.615363
105.198,13.988223
105.20961,13.81313
105.22122,14.510478
105.23283,12.921881
105.24444,11.812604
105.25605,12.755172
105.26766,12.218114
105.27927,11.231676
105.29088,10.430995
105.30249,10.503326
105.3141,12.277502
105.32571,12.019934
105.33732,9.8041329
105.34893,9.6392739
105.36054,10.615349
105.37215,10.259078
105.38376,9.058034
105.39537,7.227859
105.40698,7.1548296
105.41859,8.7198202
105.4302,7.9477284
105.44181,6.2091351
105.45342,6.6891041
105.46503,6.3421438
105.47664,6.588069
105.48825,7.1923744
105.49986,8.2758649
105.51147,7.586092
105.52308,6.7840262
105.53469,6.5806774
105.5463,6.5857639
105.55791,6.5382885
105.56952,6.2609917
105.58113,6.0163439
105.59274,6.5039852
105.60435,6.7604353
105.61596,6.7417695
105.62757,6.7283954
105.63918,6.3174719
105.65079,6.7870236
105.6624,6.8393116
105.67401,7.1012243
105.68562,6.7065685
105.69723,6.4550396
105.70884,6.4017063
105.72045,7.36787
105.73206,6.9370134
105.74367,6.7144869
105.75528,7.0213887
105.76689,6.8265392
105.7785,6.4985212
105.79011,7.4941124
105.80172,7.1641892
105.81333,7.1221278
105.82494,6.4948388
105.83655,6.7182733
105.84816,6.987426
105.85977,6.8593853
105.87138,6.7311628
105.88299,5.9103827
105.8946,6.0637797
105.90621,6.3991633
105.91782,6.2859276
105.92943,6.3482641
105.94104,5.7770994
105.95265,12.406952
105.96426,14.304346
105.97587,14.077236
105.98748,14.346526
105.99909,13.398651
106.0107,11.340762
106.02231,12.354205
106.03392,12.543791
106.04553,12.5476
106.05714,10.364393
106.06875,9.678153
106.08036,10.814024
106.09197,9.5072344
106.10358,9.9078272
106.11519,9.4791061
106.1268,8.8537915
106.13841,9.58938
106.15002,8.9282278
106.16163,9.0380001
106.17324,8.6075659
106.18485,7.7682138
106.19646,7.7755867
106.20807,6.849873
106.21968,6.6087542
106.23129,7.5710849
106.2429,5.5349118
106.25451,6.6560888
106.26612,5.938518
106.27773,5.7093264
106.28934,6.3589426
106.30095,4.8956937
106.31256,6.1742674
106.32417,5.8117619
106.33578,5.7686121
106.34739,6.2006139
106.359,5.5664895
106.37061,5.762251
106.38222,6.1101526
106.39383,5.7288986
106.40544,6.1338121
106.41705,5.5842897
106.42866,5.3122498
106.44027,5.4623861
106.45188,5.5846036
106.46349,5.5327021
106.4751,5.0847475
106.48671,4.6502284
106.49832,5.3766066
106.50993,5.5844899
106.52154,5.1715254
106.53315,4.6242632
106.54476,4.2367894
106.55637,5.2150616
106.56798,5.498032
106.57959,5.1863779
106.5912,4.5400331
106.60281,4.2964404
106.61442,4.914491
106.62603,4.965185
106.63764,4.424635
106.64925,4.1909417
106.66086,3.9980698
106.67247,4.3330692
106.68408,4.1833208
106.69569,4.0038225
106.7073,4.0653858
106.71891,3.55189
106.73052,2.9635661
106.74213,3.5561259
106.75374,3.6070357
106.76535,3.9574184
106.77696,3.7145731
106.78857,3.047478
106.80018,3.7484676
106.81179,3.5519706
106.8234,3.8109852
106.83501,3.7216548
106.84662,3.4555433
106.85823,3.9881832
106.86984,3.7686468
106.88145,3.6561597
106.89306,3.6522593
106.90467,3.9045103
106.91628,3.7906928
106.92789,3.6187151
106.9395,3.7173479
106.95111,3.4811813
106.96272,3.8027057
106.97433,3.6696124
106.98594,3.7250267
106.99755,3.5031663
107.00916,3.3139113
107.02077,3.4999533
107.03238,3.3498787
107.04399,3.5084179
107.0556,3.260916
107.06721,3.3845505
107.07882,3.1567531
107.09043,3.3318041
107.10204,3.3723392
107.11365,3.159198
107.12526,3.1997849
107.13687,2.6313867
107.14848,2.9685772
107.16009,3.1350463
107.1717,2.9579784
107.18331,3.1934181
107.19492,2.4214787
107.20653,2.7512176
107.21814,2.8073393
107.22975,2.8094258
107.24136,3.0869416
107.25297,2.3827298
107.26458,2.3343288
107.27619,2.3777488
107.2878,2.515529
107.29941,2.9697946
107.31102,2.4440037
107.32263,2.113291
107.33424,2.4077176
107.34585,2.684575
107.35746,2.7649466
107.36907,2.6692493
107.38068,2.9904402
107.39229,3.9021103
107.4039,3.2783431
107.41551,3.9341105
107.42712,4.0436588
107.43873,4.1223125
107.45034,4.2886138
107.46195,3.7928594
107.47356,3.9114961
107.48517,3.7486195
107.49678,3.6405461
107.50839,3.9218967
107.52,3.7168922
107.53161,4.0158852
107.54322,3.7067905
107.55483,3.3811767
107.56644,3.779598
107.57805,3.8923875
107.58966,3.7967586
107.60127,3.626403
107.61288,3.0789862
107.62449,3.5639281
107.6361,3.4168085
107.64771,3.6110485
107.65932,2.9961505
107.67093,2.6190094
107.68254,3.7260146
107.69415,3.2572915
107.70576,3.368091
107.71737,2.9468883
107.72898,2.4234345
107.74059,3.6832232
107.7522,2.9680912
107.76381,3.0673846
107.77542,2.9583319
107.78703,2.4194286
107.79864,3.3621132
107.81025,2.5277642
107.82186,3.0049068
107.83347,2.6352407
107.84508,2.421733
107.85669,2.7940438
107.8683,2.4455082
107.87991,2.8595384
107.89152,2.5775715
107.90313,2.3194951
107.91474,2.6316862
107.92635,2.4482303
107.93796,2.3704875
107.94957,2.4799675
107.96118,2.3966173
107.97279,2.5447091
107.9844,2.5031572
107.99601,2.3957112
108.00762,2.5387148
108.01923,2.5486006
108.03084,2.5686094
108.04245,2.7227612
108.05406,2.4986212
108.06567,2.4905416
108.07728,2.4827413
108.08889,2.6255567
108.1005,2.6142784
108.11211,2.534333
108.12372,2.4807587
108.13533,2.4772013
108.14694,2.5402596
108.15855,2.5358613
108.17016,2.4382191
108.18177,2.2614674
108.19338,2.5080921
108.20499,2.5169503
108.2166,2.3335062
108.22821,2.2467579
108.23982,2.1399825
108.25143,2.4442746
108.26304,2.3335833
108.27465,2.3171457
108.28626,2.1630571
108.29787,2.0264575
108.30948,2.3504193
108.32109,2.4189119
108.3327,2.2107891
108.34431,2.1281253
108.35592,1.9565859
108.36753,2.3244805
108.37914,2.2333089
108.39075,2.1149228
108.40236,2.0907475
108.41397,2.0266581
108.42558,2.3039171
108.43719,2.2615569
108.4488,2.0310419
108.46041,2.2209288
108.47202,2.1805046
108.48363,2.2322684
108.49524,2.3548733
108.50685,1.4979694
108.51846,1.480997
108.53007,1.3458249
108.54168,2.4287645
108.55329,3.2452678
108.5649,3.260976
108.57651,4.1721353
108.58812,4.081525
108.59973,4.2157063
108.61134,4.0060358
108.62295,4.1739692
108.63456,4.2100474
108.64617,4.1668973
108.65778,4.1196824
108.66939,3.8793925
108.681,3.9714554
108.69261,3.6888491
108.70422,3.5732955
108.71583,3.7480136
108.72744,3.4628444
108.73905,3.4270755
108.75066,2.9695373
108.76227,3.0564172
108.77388,3.1380413
108.78549,2.3819474
108.7971,2.6602028
108.80871,2.4458916
108.82032,2.3302392
108.83193,2.3686961
108.84354,2.4745547
108.85515,2.4737908
108.86676,2.4950259
108.87837,2.1577046
108.88998,2.2047479
108.90159,2.1122062
108.9132,2.1634821
108.92481,2.1346554
108.93642,2.1904187
108.94803,2.0885108
108.95964,2.1380522
108.97125,2.1130623
108.98286,2.0671978
108.99447,2.0843874
109.00608,2.0481169
109.01769,2.0132686
109.0293,2.1278796
109.04091,2.084842
109.05252,2.1156366
109.06413,1.9847224
109.07574,2.1002401
109.08735,2.0213324
109.09896,1.9308437
109.11057,1.9962063
109.12218,1.9318747
109.13379,1.8917739
109.1454,1.936842
109.15701,1.8432482
109.16862,1.9282463
109.18023,1.8877653
109.19184,1.8213363
109.20345,1.9455901
109.21506,1.9136579
109.22667,1.8915366
109.23828,1.8749288
109.24989,8.2423885
109.2615,11.992947
109.27311,13.868198
109.28472,13.133754
109.29633,13.515284
109.30794,12.733313
109.31955,12.107862
109.33116,11.855696
109.34277,11.581955
109.35438,11.660989
109.36599,11.229034
109.3776,11.125839
109.38921,11.055433
109.40082,10.587098
109.41243,10.040519
109.42404,9.8899034
109.43565,9.4811182
109.44726,9.293604
109.45887,9.1370624
109.47048,8.8278556
109.48209,9.4660051
109.4937,9.3506162
109.50531,8.4490093
109.51692,8.5916463
109.52853,8.5258443
109.54014,7.8760122
109.55175,7.0036385
109.56336,6.6160572
109.57497,6.7693701
109.58658,6.842212
109.59819,6.7571668
109.6098,6.7270644
109.62141,6.5410942
109.63302,6.330501
109.64463,5.9851791
109.65624,5.608134
109.66785,5.684719
109.67946,5.6515822
109.69107,5.4003675
109.70268,5.2500796
109.71429,5.5581505
109.7259,5.7616123
109.73751,5.9882045
109.74912,6.0530128
109.76073,5.4396467
109.77234,5.9190305
109.78395,6.2263934
109.79556,5.6415374
109.80717,5.6563828
109.81878,4.9148194
109.83039,4.7248902
109.842,4.8538867
109.85361,4.9592864
109.86522,4.9102396
109.87683,4.8283187
109.88844,4.7276664
109.90005,5.0214969
109.91166,5.0109926
109.92327,4.3275062
109.93488,4.4008292
109.94649,4.3808693
109.9581,4.8205348
109.96971,10.298044
109.98132,11.724738
109.99293,12.636621
110.00454,12.135815
110.01615,10.328899
110.02776,10.93362
110.03937,8.577165
110.05098,9.9047678
110.06259,8.9832582
110.0742,7.5017066
110.0858,8.1050014
110.09741,6.6639444
110.10902,8.6358562
110.12063,7.8774743
110.13224,7.5170157
110.14385,8.3594078
110.15546,6.1484008
110.16707,7.388995
110.17868,7.2441699
110.19029,6.2589484
110.2019,7.7361264
110.21351,6.0549214
110.22512,6.030104
110.23673,5.9659841
110.24834,5.3659038
110.25995,5.9881737
110.27156,5.9502768
110.28317,10.768308
110.29478,12.401383
110.30639,14.603976
110.318,12.305617
110.32961,14.290156
110.34122,12.638495
110.35283,12.808668
110.36444,13.26319
110.37605,11.059091
110.38766,13.159348
110.39927,10.786437
110.41088,11.96406
110.42249,11.368695
110.4341,10.513648
110.44571,11.355981
110.45732,9.8353116
110.46893,10.10301
110.48054,9.7640657
110.49215,9.1310947
110.50376,9.6860491
110.51537,9.9837821
110.52698,9.413056
110.53859,8.9365074
110.5502,9.3862273
110.56181,8.9803462
110.57342,7.8804197
110.58503,11.109622
110.59664,7.3651512
110.60825,11.619652
110.61986,6.6329396
110.63147,12.054959
110.64308,6.5204488
110.65469,10.78598
110.6663,6.8460105
110.67791,8.6042574
110.68952,8.6260427
110.70113,6.338952
110.71274,8.7908351
110.72435,6.3532687
110.73596,8.6871539
110.74757,4.7471516
110.75918,8.0370964
110.77079,5.2942482
110.7824,8.267735
110.79401,6.2024235
110.80562,7.0533061
110.81723,6.8768902
110.82884,6.0038389
110.84045,6.1147677
110.85206,5.5598141
110.86367,6.7741243
110.87528,4.6320236
110.88689,6.4583368
110.8985,3.9729002
110.91011,5.9491844
110.92172,5.0551201
110.93333,6.7022608
110.94494,7.8469647
110.95655,7.6813735
110.96816,7.8292623
110.97977,9.0073335
110.99138,8.7600837
111.00299,8.9841074
111.0146,8.5224085
111.02621,8.9220815
111.03782,8.2977468
111.04943,8.0691058
111.06104,8.1197193
111.07265,7.871898
111.08426,8.3165387
111.09587,8.2630593
111.10748,7.9148019
111.11909,7.5574358
111.1307,7.8910804
111.14231,8.1719608
111.15392,7.6633072
111.16553,7.7147201
111.17714,7.8732147
111.18875,7.6188703
111.20036,7.3472794
111.21197,6.7641284
111.22358,6.5606637
111.23519,6.9633349
111.2468,6.7602609
111.25841,6.5389486
111.27002,6.3244822
111.28163,6.4498015
111.29324,6.5698561
111.30485,6.2609547
111.31646,6.2686827
111.32807,9.1491435
111.33968,8.5398931
111.35129,5.8260461
111.3629,8.1658354
111.37451,8.4953466
111.38612,5.3714353
111.39773,6.0057449
111.40934,8.4993638
111.42095,6.3759856
111.43256,4.8452837
111.44417,5.5278367
111.45578,6.7953002
111.46739,5.4892225
111.479,4.7499182
111.49061,5.5826479
111.50222,5.9940813
111.51383,4.3743266
111.52544,4.6761079
111.53705,5.1684507
111.54866,4.7576302
111.56027,4.4690778
111.57188,4.468329
111.58349,4.8237248
111.5951,4.6482908
111.60671,4.6215401
111.61832,4.1674279
111.62993,4.2089309
111.64154,4.2374725
111.65315,4.1147368
111.66476,4.2738531
111.67637,4.3242547
111.68798,4.1970565
111.69959,3.8300697
111.7112,3.8121905
111.72281,4.04307
111.73442,3.8853928
111.74603,3.7980738
111.75764,3.8105622
111.76925,3.7493965
111.78086,3.5560788
111.79247,3.3249712
111.80408,3.4160936
111.81569,3.3661411
111.8273,3.3932016
111.83891,3.3366081
111.85052,3.2985298
111.86213,2.9802767
111.87374,2.9440254
111.88535,3.1439068
111.89696,4.0527111
111.90857,4.399399
111.92018,4.1861656
111.93179,4.3548486
111.9434,4.6341342
111.95501,4.2817533
111.96662,3.5317496
111.97823,3.8734869
111.98984,3.723776
112.00145,3.9454796
112.01306,3.6943678
112.02467,3.454058
112.03628,3.6172221
112.04789,2.5376288
112.0595,3.5838246
112.07111,3.7958004
112.08272,3.104515
112.09433,4.3116563
112.10594,2.9487769
112.11755,3.9268803
112.12916,3.757092
112.14077,2.4994645
112.15238,4.1580199
112.16399,2.0551893
112.1756,3.8457914
112.18721,3.2312202
112.19882,2.7930028
112.21043,3.8912039
112.22204,2.641273
112.23365,3.4423417
112.24526,3.7619373
112.25687,1.7004257
112.26848,3.8095674
112.28009,2.0781786
112.2917,3.1416143
112.30331,2.5200683
112.31492,2.3073755
112.32653,3.4080563
112.33814,1.9546111
112.34975,3.1765526
112.36136,2.981747
112.37297,1.8887591
112.38458,3.3479094
112.39619,2.3629465
112.4078,2.7770554
112.41941,3.1459337
112.43102,1.4587144
112.44263,3.2156598
112.45424,2.2252192
112.46585,2.3858659
112.47746,2.7288046
112.48907,1.5932586
112.50068,2.8242656
112.51229,2.1384324
112.5239,2.2133334
112.53551,2.7346353
112.54712,1.2980095
112.55873,2.8082048
112.57034,1.7281677
112.58195,2.3770054
112.59356,2.5336712
112.60517,1.4622357
112.61678,2.5450866
112.62839,1.9943586
112.64,1.7327298
112.65161,2.5735801
112.66322,1.2129693
112.67483,2.3609469
112.68644,1.8502853
112.69805,1.8255993
112.70966,2.2895348
112.72127,0.99964245
112.73288,2.103739
112.74449,1.2783461
112.7561,1.8118972
112.76771,1.9158058
112.77932,1.4339727
112.79093,1.689585
112.80254,1.6725685
112.81415,1.2752027
112.82576,2.0792076
112.83737,1.0712981
112.84898,1.8654108
112.86059,1.382303
112.8722,1.6702077
112.88381,1.6501649
112.89542,1.4654628
112.90703,1.5225568
112.91864,1.3728824
112.93025,1.398466
112.94186,1.7058139
112.95347,1.0780222
112.96508,1.6787218
112.97669,1.3119217
112.9883,1.5145394
112.99991,1.7097345
113.01152,1.1319092
113.02313,1.650854
113.03474,1.1581141
113.04635,1.2855837
113.05796,1.4946274
113.06957,1.2214969
113.08118,1.4711969
113.09279,1.4643121
113.1044,2.6287529
113.11601,4.2218199
113.12762,3.8021786
113.13923,4.1439799
113.15084,3.9734886
113.16245,5.2326836
113.17406,5.2816947
113.18567,4.9759326
113.19728,4.7717809
113.20889,5.0804886
113.2205,4.5220917
113.23211,5.1140938
113.24372,5.4501307
113.25533,4.9900984
113.26694,4.2917863
113.27855,4.3226612
113.29016,4.4205309
113.30177,4.4774429
113.31338,4.4431266
113.32499,4.2326805
113.3366,4.2863061
113.34821,4.1344559
113.35982,3.8192391
113.37143,3.8483323
113.38304,3.7140935
113.39465,3.5068087
113.40626,3.3011969
113.41787,3.2031619
113.42948,3.3488774
113.44109,2.9721682
113.4527,2.9059172
113.46431,2.9280573
113.47592,2.6980181
113.48753,3.0404798
113.49914,2.4186052
113.51075,2.3280302
113.52236,2.1622122
113.53397,2.2552864
113.54558,2.3546844
113.55719,2.6086422
113.5688,2.688205
113.58041,2.7872264
113.59202,2.5185972
113.60363,2.7266363
113.61524,3.0005598
113.62685,2.6860851
113.63846,2.500671
113.65007,2.4676556
113.66168,2.3418839
113.67329,2.4908038
113.6849,2.3721908
113.69651,2.0609705
113.70812,1.7318004
113.71973,1.3740791
113.73134,5.1849065
113.74295,6.2078382
113.75456,6.9899573
113.76617,6.5664916
113.77778,6.6345159
113.78939,6.2470247
113.801,6.2599284
113.81261,6.1712376
113.82422,6.2900039
113.83583,5.3823264
113.84744,5.4829452
113.85905,5.6569539
113.87066,5.0905045
113.88227,4.9562204
113.89388,5.0532552
113.90549,4.5377942
113.9171,4.5821113
113.92871,4.9674719
113.94032,5.5081297
113.95193,10.534142
113.96354,12.766367
113.97515,12.587691
113.98676,12.466305
113.99837,12.28739
114.00998,11.567408
114.02159,11.130936
114.0332,10.870309
114.04481,10.224836
114.05642,10.144619
114.06803,9.8507742
114.07964,9.8195561
114.09125,9.275753
114.10286,9.002412
114.11447,8.9682461
114.12608,8.7124881
114.13769,8.7132625
114.1493,8.4313732
114.16091,8.508612
114.17252,8.821507
114.18413,9.2894204
114.19574,8.3821867
114.20735,8.2028155
114.21896,8.1044927
114.23057,7.5581193
114.24218,6.6051669
114.25379,6.0527298
114.2654,6.1175156
114.27701,6.1972263
114.28862,6.6466586
114.30023,6.0270452
114.31184,6.5532776
114.32345,6.345994
114.33506,6.2793894
114.34667,5.9399748
114.35828,5.8500404
114.36989,5.5272681
114.3815,5.3394807
114.39311,4.5989959
114.40472,4.7458469
114.41633,4.6193
114.42794,4.9141425
114.43955,5.3314268
114.45116,4.968599
114.46277,5.3512568
114.47438,6.5725099
114.48599,7.6369634
114.4976,6.3380773
114.50921,8.1743975
114.52082,8.1898442
114.53243,7.9887877
114.54404,8.1338525
114.55565,8.53069
114.56726,8.7422967
114.57887,9.0243965
114.59048,8.952129
114.60209,8.836321
114.6137,8.3607263
114.62531,8.7069029
114.63692,7.8551743
114.64853,7.786283
114.66014,7.5135868
114.67175,7.3734816
114.68336,7.7967598
114.69497,6.9113786
114.70658,7.3966662
114.71819,7.3062781
114.7298,6.7589218
114.74141,6.3098679
114.75302,6.8047029
114.76463,6.7079262
114.77624,7.089964
114.78785,6.4221791
114.79946,7.0561606
114.81107,7.0636066
114.82268,6.9749992
114.83429,6.2476576
114.8459,6.2332719
114.85751,6.619353
114.86912,6.0147922
114.88073,6.0860225
114.89234,5.7409033
114.90395,5.976236
114.91556,5.9252649
114.92717,5.6608009
114.93878,5.7662389
114.95039,5.5484479
114.962,5.870889
114.97361,5.6825768
114.98522,5.788562
114.99683,5.6679824
115.00844,5.434837
115.02005,4.9027567
115.03166,5.3334007
115.04327,4.6324321
115.05488,5.031873
115.06649,4.397383
115.0781,4.5396918
115.08971,4.2234875
115.10132,4.4769375
115.11293,4.0605449
115.12454,4.1605468
115.13615,3.8824306
115.14776,3.7245649
115.15937,3.676741
115.17098,3.2955375
115.18259,3.0477676
115.1942,3.023517
115.2058,3.0414136
115.21741,3.056537
115.22902,2.7914323
115.24063,6.2757487
115.25224,8.022339
115.26385,7.6940976
115.27546,7.9917557
115.28707,7.2777797
115.29868,7.8320085
115.31029,8.0481608
115.3219,8.448826
115.33351,8.4606126
115.34512,8.3554141
115.35673,7.6162195
115.36834,8.0403682
115.37995,7.4577831
115.39156,6.7100867
115.40317,7.2032446
115.41478,6.3693263
115.42639,6.8168316
115.438,7.1426229
115.44961,6.5881566
115.46122,6.9234488
115.47283,7.1116468
115.48444,6.9099386
115.49605,7.432195
115.50766,7.6198576
115.51927,6.9231038
115.53088,7.7292615
115.54249,8.7769111
115.5541,7.8052729
115.56571,10.347368
115.57732,7.8138319
115.58893,10.81064
115.60054,7.4214363
115.61215,9.6678564
115.62376,8.5244947
115.63537,8.7205361
115.64698,8.6193816
115.65859,6.8723689
115.6702,9.5225817
115.68181,5.7615797
115.69342,9.6726789
115.70503,6.8670515
115.71664,7.5888869
115.72825,9.0695099
115.73986,6.320919
115.75147,8.3270916
115.76308,5.7476358
115.77469,7.8787484
115.7863,6.8488442
115.79791,7.6110084
115.80952,6.7349667
115.82113,5.1544799
115.83274,9.7293454
115.84435,15.669215
115.85596,14.541337
115.86757,12.919388
115.87918,12.130397
115.89079,13.061246
115.9024,13.710627
115.91401,13.231511
115.92562,11.462005
115.93723,9.1165441
115.94884,9.6542269
115.96045,12.456965
115.97206,11.213095
115.98367,10.190205
115.99528,9.4351264
116.00689,9.4990585
116.0185,10.545272
116.03011,10.24733
116.04172,11.121847
116.05333,10.031088
116.06494,8.3009488
116.07655,6.9213308
116.08816,7.6996266
116.09977,9.6262626
116.11138,9.1921119
116.12299,7.9519956
116.1346,6.0702406
116.14621,7.0475658
116.15782,9.1279598
116.16943,8.1511925
116.18104,7.41038
116.19265,5.8589151
116.20426,7.4483952
116.21587,8.4735547
116.22748,7.7865337
116.23909,7.3209261
116.2507,5.4087739
116.26231,6.3190281
116.27392,7.296324
116.28553,6.7099114
116.29714,6.5571442
116.30875,4.851664
116.32036,5.7438663
116.33197,6.8082865
116.34358,6.2225245
116.35519,7.0362186
116.3668,7.4765401
116.37841,8.0458788
116.39002,9.4867748
116.40163,7.0759842
116.41324,8.6119217
116.42485,8.5308443
116.43646,7.5739624
116.44807,9.1672609
116.45968,8.9090719
116.47129,7.7224073
116.4829,8.1993588
116.49451,7.7949585
116.50612,8.9343107
116.51773,7.6875011
116.52934,5.9717179
116.54095,8.4887297
116.55256,7.1548871
116.56417,7.8966997
116.57578,8.5060946
116.58739,8.6934354
116.599,10.355973
116.61061,8.925762
116.62222,13.057073
116.63383,11.269712
116.64544,12.904904
116.65705,9.7828913
116.66866,12.191885
116.68027,12.232411
116.69188,10.262812
116.70349,10.661915
116.7151,12.129614
116.72671,9.2737892
116.73832,10.264802
116.74993,9.6767135
116.76154,6.6525557
116.77315,10.645
116.78476,7.2459262
116.79637,7.9903326
116.80798,9.2591806
116.81959,7.1524971
116.8312,8.9938686
116.84281,8.3439648
116.85442,8.3515737
116.86603,7.9348256
116.87764,6.7051726
116.88925,8.3433738
116.90086,7.5173828
116.91247,5.383127
116.92408,7.9102608
116.93569,7.037539
116.9473,5.9081263
116.95891,6.9235169
116.97052,4.9746404
116.98213,6.5451585
116.99374,7.8164292
117.00535,10.500638
117.01696,8.6727047
117.02857,7.5533417
117.04018,11.367426
117.05179,11.350723
117.0634,8.1534001
117.07501,10.694429
117.08662,11.441264
117.09823,10.127477
117.10984,10.344335
117.12145,11.188241
117.13306,9.2582838
117.14467,7.9169878
117.15628,9.2785758
117.16789,9.3537718
117.1795,6.9496626
117.19111,7.3489364
117.20272,9.489802
117.21433,8.9837415
117.22594,8.6816387
117.23755,10.442995
117.24916,8.9225425
117.26077,6.8785147
117.27238,8.8837039
117.28399,9.7029168
117.2956,8.1142822
117.30721,6.4235576
117.31882,7.6884811
117.33043,10.164731
117.34204,8.5502978
117.35365,6.9954856
117.36526,9.5750307
117.37687,7.9549291
117.38848,6.7321468
117.40009,8.8399822
117.4117,8.8296692
117.42331,6.5793924
117.43492,6.63937
117.44653,8.5239588
117.45814,6.2239189
117.46975,5.1827376
117.48136,7.6879924
117.49297,7.5519011
117.50458,4.9050553
117.51619,7.8889605
117.5278,7.8433331
117.53941,5.6403915
117.55102,5.9985827
117.56263,7.2389435
117.57424,6.7742736
117.58585,5.6262119
117.59746,6.1797254
117.60907,7.235633
117.62068,6.5539962
117.63229,4.7018545
117.6439,7.2732261
117.65551,5.8377983
117.66712,15.403146
117.67873,18.002909
117.69034,16.832094
117.70195,17.136211
117.71356,16.142691
117.72517,15.187967
117.73678,15.566817
117.74839,15.018643
117.76,14.918164
117.77161,13.720851
117.78322,12.973757
117.79483,12.750947
117.80644,11.797654
117.81805,13.31291
117.82966,12.065788
117.84127,11.916031
117.85288,11.821108
117.86449,10.481295
117.8761,11.963164
117.88771,11.262773
117.89932,10.16782
117.91093,9.4617187
117.92254,8.5385166
117.93415,9.4061558
117.94576,7.9340282
117.95737,7.4097045
117.96898,7.9394494
117.98059,6.3515827
117.9922,7.2841558
118.00381,8.3450779
118.01542,6.5834574
118.02703,6.7819414
118.03864,6.7251904
118.05025,7.6843427
118.06186,7.3987432
118.07347,6.4828416
118.08508,6.0573534
118.09669,5.4709683
118.1083,6.2029965
118.11991,7.5648593
118.13152,5.5691313
118.14313,5.3946466
118.15474,5.2297124
118.16635,5.3611189
118.17796,6.5817563
118.18957,7.1164779
118.20118,7.1917934
118.21279,7.5851182
118.2244,7.3271134
118.23601,8.7868338
118.24762,6.9251258
118.25923,8.5174052
118.27084,7.359865
118.28245,7.4078143
118.29406,8.896466
118.30567,6.4731983
118.31728,8.9140254
118.32889,7.5803751
118.3405,6.9998936
118.35211,9.4498584
118.36372,6.4724053
118.37533,8.7647962
118.38694,9.2716141
118.39855,6.815073
118.41016,9.9263942
118.42177,10.057223
118.43338,11.072117
118.44499,9.5964103
118.4566,8.6866187
118.46821,9.9912035
118.47982,10.9735
118.49143,10.807245
118.50304,9.5741744
118.51465,7.873817
118.52626,9.8859432
118.53787,10.176178
118.54948,10.106039
118.56109,9.4919937
118.5727,7.9391287
118.58431,9.4124244
118.59592,8.8496883
118.60753,9.4823146
118.61914,8.5962556
118.63075,7.5187448
118.64236,8.113513
118.65397,10.855372
118.66558,12.393171
118.67719,13.338726
118.6888,14.334828
118.70041,12.497501
118.71202,9.7794102
118.72363,9.0811759
118.73524,10.350513
118.74685,12.034144
118.75846,11.610441
118.77007,10.405595
118.78168,8.1603003
118.79329,6.1603786
118.8049,10.001889
118.81651,11.250502
118.82812,10.291807
118.83973,8.3206023
118.85134,5.5657435
118.86295,8.8216931
118.87456,10.381861
118.88617,11.285246
118.89778,11.159231
118.90939,13.672493
118.921,13.344638
118.93261,14.876329
118.94422,14.390767
118.95583,11.034108
118.96744,11.232895
118.97905,10.953616
118.99066,12.064058
119.00227,13.487344
119.01388,11.470514
119.02549,9.4191691
119.0371,7.4101496
119.04871,7.6630014
119.06032,10.473666
119.07193,9.5744225
119.08354,6.7595147
119.09515,7.3217475
119.10676,6.9876968
119.11837,5.7290433
119.12998,7.918699
119.14159,6.8705451
119.1532,7.2177279
119.16481,11.730411
119.17642,11.362826
119.18803,10.777592
119.19964,11.034341
119.21125,12.11778
119.22286,14.043638
119.23447,14.440627
119.24608,10.546195
119.25769,10.294713
119.2693,10.373468
119.28091,11.835487
119.29252,12.225598
119.30413,10.815467
119.31574,10.907009
119.32735,10.713214
119.33896,10.721451
119.35057,11.541428
119.36218,10.376046
119.37379,10.831558
119.3854,11.679306
119.39701,10.989357
119.40862,10.012003
119.42023,8.6023483
119.43184,9.0220717
119.44345,11.266074
119.45506,11.182429
119.46667,10.828187
119.47828,8.0754385
119.48989,7.7411934
119.5015,9.6789494
119.51311,12.4458
119.52472,10.915057
119.53633,7.5891072
119.54794,9.0127088
119.55955,7.134058
119.57116,9.0528276
119.58277,10.812243
119.59438,8.7043091
119.60599,8.0013266
119.6176,8.6233013
119.62921,6.6582941
119.64082,8.561894
119.65243,8.7161456
119.66404,8.3115073
119.67565,8.8808233
119.68726,7.9421202
119.69887,6.2204071
119.71048,7.7474094
119.72209,8.0356836
119.7337,8.4332597
119.74531,11.923744
119.75692,9.5417818
119.76853,8.3008531
119.78014,9.5659702
119.79175,9.6777021
119.80336,9.633615
119.81497,9.8089258
119.82658,10.129567
119.83819,8.8326588
119.8498,9.9553361
119.86141,9.7210893
119.87302,7.7799534
119.88463,9.2687189
119.89624,8.8489978
119.90785,7.4344844
119.91946,8.5978154
119.93107,6.8858394
119.94268,7.3637542
119.95429,9.467332
119.9659,8.0364394
119.97751,8.8480609
119.98912,7.5382208
120.00073,8.3515118
120.01234,13.476636
120.02395,12.57528
120.03556,16.498723
120.04717,15.505783
120.05878,15.643529
120.07039,14.777792
120.082,15.871106
120.09361,17.347106
120.10522,13.804441
120.11683,15.688933
120.12844,15.729168
120.14005,12.433456
120.15166,13.253919
120.16327,13.571466
120.17488,9.9209527
120.18649,12.024826
120.1981,10.333783
120.20971,12.397776
120.22132,12.171801
120.23293,9.5283726
120.24454,11.431729
120.25615,11.451711
120.26776,9.510968
120.27937,11.314059
120.29098,8.4535488
120.30259,9.7240039
120.3142,7.7290066
120.3258,8.5575161
120.33741,9.5290035
120.34902,10.246169
120.36063,12.192746
120.37224,15.250802
120.38385,13.711334
120.39546,13.015918
120.40707,15.797265
120.41868,12.665933
120.43029,10.04142
120.4419,13.377038
120.45351,11.584402
120.46512,11.164344
120.47673,12.839142
120.48834,13.119928
120.49995,14.470882
120.51156,12.705995
120.52317,12.207118
120.53478,13.347867
120.54639,12.343636
120.558,10.192197
120.56961,10.275782
120.58122,10.053829
120.59283,8.0757373
120.60444,9.6590415
120.61605,11.421333
120.62766,9.4705176
120.63927,9.3789058
120.65088,11.560872
120.66249,12.019789
120.6741,9.0172658
120.68571,11.659665
120.69732,12.581921
120.70893,9.7507675
120.72054,7.4599556
120.73215,11.058585
120.74376,10.551657
120.75537,6.9641271
120.76698,9.9321485
120.77859,11.564134
120.7902,8.3828026
120.80181,11.016618
120.81342,10.842951
120.82503,7.3770594
120.83664,8.2585925
120.84825,10.01004
120.85986,7.5349863
120.87147,6.2768157
120.88308,8.4475424
120.89469,9.4510993
120.9063,6.6621255
120.91791,7.0323857
120.92952,9.4763859
120.94113,7.4336491
120.95274,6.208327
120.96435,7.7648246
120.97596,8.9265974
120.98757,6.6368289
120.99918,9.1937902
121.01079,14.440881
121.0224,13.461057
121.03401,13.466249
121.04562,13.279617
121.05723,13.620265
121.06884,13.983314
121.08045,11.956207
121.09206,14.340301
121.10367,11.398835
121.11528,11.947144
121.12689,10.646621
121.1385,10.888217
121.15011,12.480753
121.16172,11.154093
121.17333,12.988128
121.18494,10.992627
121.19655,12.43096
121.20816,11.602011
121.21977,11.080607
121.23138,11.136177
121.24299,10.767313
121.2546,11.084914
121.26621,10.686251
121.27782,9.3650504
121.28943,10.443549
121.30104,8.7186634
121.31265,9.6726029
121.32426,8.3134175
121.33587,8.8668478
121.34748,8.4196219
121.35909,8.0653888
121.3707,9.1598535
121.38231,7.44726
121.39392,7.5240856
121.40553,7.9211914
121.41714,7.3019644
121.42875,6.8688074
121.44036,7.3438808
121.45197,7.8230883
121.46358,7.2805803
121.47519,7.2226973
121.4868,7.3271153
121.49841,6.7590644
121.51002,7.1056292
121.52163,7.5567918
121.53324,7.7962093
121.54485,10.875223
121.55646,9.3540186
121.56807,10.965731
121.57968,8.3081728
121.59129,10.74622
121.6029,8.8572072
121.61451,11.032344
121.62612,7.2376874
121.63773,9.4923207
121.64934,7.5285987
121.66095,9.6956868
121.67256,7.3484655
121.68417,10.824268
121.69578,11.125752
121.70739,10.365377
121.719,12.181665
121.73061,10.032674
121.74222,13.160579
121.75383,10.660405
121.76544,13.603066
121.77705,11.986594
121.78866,11.701327
121.80027,11.942067
121.81188,8.8964289
121.82349,10.544113
121.8351,7.7698893
121.84671,9.6837366
121.85832,8.4826615
121.86993,9.7276064
121.88154,10.476388
121.89315,8.8537557
121.90476,11.383256
121.91637,8.2455041
121.92798,10.834919
121.93959,9.505924
121.9512,8.7474212
121.96281,15.179005
121.97442,11.5957
121.98603,14.157883
121.99764,14.067907
122.00925,12.138608
122.02086,15.004162
122.03247,9.9574385
122.04408,13.813495
122.05569,10.617993
122.0673,11.908647
122.07891,11.875073
122.09052,11.404297
122.10213,13.302103
122.11374,11.575571
122.12535,12.720317
122.13696,11.831633
122.14857,11.986656
122.16018,12.50786
122.17179,10.516308
122.1834,12.147893
122.19501,9.8572943
122.20662,13.851792
122.21823,17.749505
122.22984,19.987367
122.24145,20.521094
122.25306,19.878787
122.26467,16.612532
122.27628,11.853468
122.28789,15.881801
122.2995,17.763802
122.31111,16.446534
122.32272,13.523564
122.33433,12.82624
122.34594,10.398256
122.35755,11.749866
122.36916,15.305757
122.38077,13.705892
122.39238,11.599046
122.40399,10.780323
122.4156,11.100458
122.42721,13.231601
122.43882,12.27545
122.45043,11.335575
122.46204,8.0880264
122.47365,7.2495187
122.48526,9.3124348
122.49687,9.6538972
122.50848,8.8742122
122.52009,6.5132225
122.5317,6.7764023
122.54331,8.8117017
122.55492,9.7964523
122.56653,9.6309924
122.57814,7.7082409
122.58975,7.476762
122.60136,12.112641
122.61297,10.389006
122.62458,9.9529223
122.63619,10.832628
122.6478,10.331345
122.65941,11.79677
122.67102,10.99181
122.68263,10.493976
122.69424,11.532476
122.70585,10.74372
122.71746,11.257725
122.72907,11.012595
122.74068,10.27579
122.75229,11.608582
122.7639,10.179613
122.77551,10.252393
122.78712,10.302544
122.79873,9.4964502
122.81034,10.250486
122.82195,9.7532714
122.83356,9.7420599
122.84517,10.974357
122.85678,12.025582
122.86839,12.520185
122.88,11.047027
122.89161,10.94551
122.90322,10.846844
122.91483,9.7339963
122.92644,10.981007
122.93805,9.8460566
122.94966,10.394668
122.96127,9.8764615
122.97288,9.3707535
122.98449,9.3653803
122.9961,8.9390319
123.00771,8.1642608
123.01932,8.5488011
123.03093,7.5380404
123.04254,8.3101845
123.05415,8.1613761
123.06576,8.7398415
123.07737,7.4259357
123.08898,7.5894174
123.10059,7.4488859
123.1122,6.7699073
123.12381,7.7383631
123.13542,7.77853
123.14703,7.9625667
123.15864,7.2695902
123.17025,9.3728128
123.18186,17.500954
123.19347,15.97677
123.20508,15.679064
123.21669,14.807674
123.2283,13.260957
123.23991,13.945588
123.25152,10.689345
123.26313,12.535345
123.27474,11.340111
123.28635,10.291452
123.29796,7.9919405
123.30957,7.9502406
123.32118,6.3840967
123.33279,7.4398803
123.3444,8.0848986
123.35601,5.4307061
123.36762,7.368453
123.37923,8.3870198
123.39084,8.8391242
123.40245,8.5264892
123.41406,7.2842028
123.42567,7.8770957
123.43728,7.6943755
123.44889,7.7934065
123.4605,9.1113618
123.47211,8.6517528
123.48372,8.514513
123.49533,6.2332511
123.50694,5.4457548
123.51855,5.8139956
123.53016,6.0204161
123.54177,4.6804842
123.55338,5.4750315
123.56499,5.1693495
123.5766,5.5833576
123.58821,5.5626106
123.59982,5.6723845
123.61143,5.7314295
123.62304,5.0438953
123.63465,5.736831
123.64626,5.9534033
123.65787,5.6401556
123.66948,11.772867
123.68109,12.976326
123.6927,13.614284
123.70431,14.279612
123.71592,13.010637
123.72753,14.40661
123.73914,12.824444
123.75075,14.430847
123.76236,12.350699
123.77397,12.850764
123.78558,11.51622
123.79719,12.020028
123.8088,11.674363
123.82041,13.256859
123.83202,11.329041
123.84363,12.357388
123.85524,10.731783
123.86685,12.658005
123.87846,11.390285
123.89007,12.504663
123.90168,11.472314
123.91329,11.408864
123.9249,9.773466
123.93651,10.029569
123.94812,9.971312
123.95973,18.797684
123.97134,19.504736
123.98295,20.941545
123.99456,22.715169
124.00617,21.199067
124.01778,18.782979
124.02939,16.18455
124.041,16.474296
124.05261,16.907176
124.06422,18.434491
124.07583,16.386431
124.08744,14.34869
124.09905,11.957366
124.11066,13.899891
124.12227,16.063245
124.13388,15.890344
124.14549,14.902196
124.1571,11.496879
124.16871,11.018818
124.18032,13.248718
124.19193,13.098536
124.20354,13.0122
124.21515,9.8941397
124.22676,7.5718122
124.23837,10.123267
124.24998,11.462043
124.26159,10.158589
124.2732,8.0339238
124.28481,6.6814785
124.29642,12.206614
124.30803,20.30674
124.31964,18.143725
124.33125,17.430147
124.34286,17.435002
124.35447,14.219079
124.36608,12.55369
124.37769,12.449556
124.3893,13.478865
124.40091,11.528031
124.41252,12.017499
124.42413,12.523722
124.43574,11.983971
124.44735,12.31165
124.45896,10.662298
124.47057,11.769837
124.48218,12.605906
124.49379,11.52759
124.5054,12.251624
124.51701,12.29905
124.52862,11.551678
124.54023,11.639335
124.55184,11.198247
124.56345,10.594869
124.57506,10.768603
124.58667,12.456957
124.59828,11.504864
124.60989,11.27347
124.6215,9.7087971
124.63311,9.135713
124.64472,9.1012169
124.65633,8.7561807
124.66794,7.8024603
124.67955,9.6196597
124.69116,7.3979069
124.70277,8.1926823
124.71438,8.7190255
124.72599,7.3225904
124.7376,8.0923077
124.74921,7.2558661
124.76082,8.3537573
124.77243,9.288545
124.78404,8.0216849
124.79565,9.6438181
124.80726,8.4224499
124.81887,8.0016324
124.83048,8.8309654
124.84209,7.4795039
124.8537,9.3452529
124.86531,8.7218963
124.87692,8.8007736
124.88853,9.331146
124.90014,7.5140059
124.91175,8.545796
124.92336,7.1077187
124.93497,8.9092718
124.94658,15.213802
124.95819,16.86085
124.9698,17.729017
124.98141,17.169492
124.99302,17.20623
125.00463,16.221853
125.01624,16.70533
125.02785,16.223219
125.03946,14.46118
125.05107,13.919966
125.06268,14.217639
125.07429,16.015557
125.0859,15.554107
125.09751,15.104006
125.10912,14.820457
125.12073,14.470229
125.13234,15.240454
125.14395,14.382695
125.15556,14.286546
125.16717,15.277453
125.17878,14.220612
125.19039,13.449032
125.202,11.225698
125.21361,11.290216
125.22522,12.149617
125.23683,12.375059
125.24844,11.00064
125.26005,9.5418864
125.27166,11.394582
125.28327,10.923748
125.29488,10.730677
125.30649,9.7804886
125.3181,9.559412
125.32971,11.156049
125.34132,10.693797
125.35293,10.822747
125.36454,8.1828642
125.37615,9.1147268
125.38776,10.043881
125.39937,9.3865847
125.41098,9.14876
125.42259,9.2395658
125.4342,10.192133
125.4458,17.125804
125.45741,18.893368
125.46902,18.60971
125.48063,17.114124
125.49224,13.120901
125.50385,12.644718
125.51546,15.352386
125.52707,16.194605
125.53868,15.546465
125.55029,11.597086
125.5619,10.902401
125.57351,10.322128
125.58512,13.02962
125.59673,15.224718
125.60834,12.716151
125.61995,10.237198
125.63156,8.9577415
125.64317,11.465043
125.65478,13.940841
125.66639,12.085381
125.678,9.7360879
125.68961,8.1823378
125.70122,8.9283756
125.71283,11.172755
125.72444,9.2341375
125.73605,8.4299836
125.74766,7.2017484
125.75927,7.3455912
125.77088,8.6649627
125.78249,8.5264508
125.7941,6.8426776
125.80571,5.7578972
125.81732,9.8454564
125.82893,20.779853
125.84054,17.891195
125.85215,16.434303
125.86376,16.73744
125.87537,15.454519
125.88698,12.994187
125.89859,13.866976
125.9102,12.995033
125.92181,12.417584
125.93342,14.790841
125.94503,12.051856
125.95664,12.790344
125.96825,12.322763
125.97986,10.64093
125.99147,12.394533
126.00308,10.784116
126.01469,10.694602
126.0263,8.8165576
126.03791,9.8501848
126.04952,13.562095
126.06113,12.720502
126.07274,11.65647
126.08435,10.8571
126.09596,9.1563072
126.10757,10.383387
126.11918,8.3962316
126.13079,7.9142428
126.1424,8.6489656
126.15401,9.2025442
126.16562,7.1168367
126.17723,7.4439293
126.18884,6.4652543
126.20045,7.6233634
126.21206,8.4752957
126.22367,7.2086328
126.23528,7.9523232
126.24689,9.766963
126.2585,7.4638851
126.27011,9.4828759
126.28172,8.6734049
126.29333,10.809648
126.30494,13.082281
126.31655,16.74366
126.32816,14.552619
126.33977,14.464738
126.35138,14.862734
126.36299,13.659334
126.3746,14.869579
126.38621,15.129904
126.39782,14.71997
126.40943,12.991888
126.42104,12.559983
126.43265,13.386138
126.44426,12.677565
126.45587,13.884791
126.46748,13.720438
126.47909,12.583929
126.4907,13.1877
126.50231,12.634075
126.51392,12.285087
126.52553,11.799334
126.53714,11.967123
126.54875,12.430892
126.56036,13.374851
126.57197,24.935913
126.58358,24.100829
126.59519,21.452877
126.6068,18.067874
126.61841,16.311838
126.63002,17.672448
126.64163,20.414755
126.65324,19.265052
126.66485,15.391211
126.67646,11.475883
126.68807,13.986038
126.69968,15.221785
126.71129,16.509851
126.7229,15.731246
126.73451,11.570954
126.74612,11.277966
126.75773,13.221552
126.76934,14.986684
126.78095,14.956402
126.79256,12.02071
126.80417,8.4794321
126.81578,8.9637567
126.82739,11.668854
126.839,11.358759
126.85061,9.1508667
126.86222,6.3887922
126.87383,8.9099519
126.88544,10.545861
126.89705,10.956865
126.90866,20.020468
126.92027,33.545424
126.93188,22.436671
126.94349,15.972282
126.9551,12.316507
126.96671,13.198849
126.97832,11.49328
126.98993,8.955903
127.00154,12.457026
127.01315,13.708164
127.02476,12.036851
127.03637,11.059295
127.04798,10.809174
127.05959,8.5208994
127.0712,9.7780327
127.08281,8.7802161
127.09442,6.0538887
127.10603,6.0104112
127.11764,7.8826301
127.12925,9.108933
127.14086,8.0115267
127.15247,6.6217243
127.16408,6.5984356
127.17569,7.4116264
127.1873,9.2785087
127.19891,7.758985
127.21052,6.721784
127.22213,7.2604199
127.23374,5.8456288
127.24535,7.6723323
127.25696,7.309024
127.26857,6.2951616
127.28018,5.6604547
127.29179,5.5048372
127.3034,6.2640176
127.31501,6.1555992
127.32662,6.0900354
127.33823,5.0479097
127.34984,4.8504971
127.36145,5.3477206
127.37306,6.5108704
127.38467,6.3304928
127.39628,6.1055812
127.40789,4.5148573
127.4195,3.9709672
127.43111,5.0067278
127.44272,5.3745249
127.45433,4.5503414
127.46594,4.7393151
127.47755,3.4118973
127.48916,3.9711448
127.50077,4.6213409
127.51238,5.1924752
127.52399,4.1449582
127.5356,4.0258036
127.54721,3.9060359
127.55882,3.2420769
127.57043,3.2888946
127.58204,3.2908195
127.59365,4.7681952
127.60526,5.3891417
127.61687,3.3865899
127.62848,3.8684899
127.64009,3.8532455
127.6517,4.7678676
127.66331,5.0925615
127.67492,4.1739724
127.68653,4.0595142
127.69814,3.5323195
127.70975,4.8782749
127.72136,4.0658034
127.73297,3.3654968
127.74458,4.3944561
127.75619,3.5332958
127.7678,4.1564821
127.77941,3.402899
127.79102,3.5707593
127.80263,3.8034948
127.81424,2.9871483
127.82585,3.8676031
127.83746,3.0264593
127.84907,3.9387572
127.86068,3.152576
127.87229,3.4135186
127.8839,2.644607
127.89551,2.8462928
127.90712,2.3083536
127.91873,3.1637027
127.93034,2.7299493
127.94195,2.1850133
127.95356,2.5106033
127.96517,2.301463
127.97678,2.2451737
127.98839,1.9556165
128,2.043011
128.01161,2.2185999
128.02322,2.006904
128.03483,1.8869465
128.04644,1.6346205
128.05805,1.399184
128.06966,1.6580436
128.08127,1.9639922
128.09288,1.8897808
128.10449,1.7993094
128.1161,1.5524626
128.12771,1.6364971
128.13932,1.9038821
128.15093,1.41294
128.16254,1.6221355
128.17415,1.7010641
128.18576,1.6753085
128.19737,1.9095734
128.20898,1.9686607
128.22059,1.8709349
128.2322,1.5293221
128.24381,1.4880727
128.25542,1.6026617
128.26703,1.2528921
128.27864,1.5211098
128.29025,1.2496516
128.30186,1.1728378
128.31347,1.2051986
128.32508,1.2323554
128.33669,1.0414929
128.3483,1.0639831
128.35991,1.0457952
128.37152,1.1421496
128.38313,0.95160365
128.39474,1.0376297
128.40635,1.1311782
128.41796,1.156949
128.42957,1.3808408
128.44118,1.2094353
128.45279,0.9989358
128.4644,0.9029214
128.47601,0.81143566
128.48762,1.0278798
128.49923,0.95103103
128.51084,0.70433813
128.52245,0.8024478
128.53406,0.72407509
128.54567,0.65196627
128.55728,0.63036573
128.56889,0.58408693
128.5805,0.6848474
128.59211,0.58616276
128.60372,0.60420191
128.61533,0.70149039
128.62694,0.51760097
128.63855,0.53867944
128.65016,0.66065522
128.66177,0.50268117
128.67338,0.46144857
128.68499,0.41558452
128.6966,0.60130259
128.70821,0.40520729
128.71982,0.40860351
128.73143,0.50407521
128.74304,0.56094498
128.75465,0.50644461
128.76626,0.46769026
128.77787,0.48053593
128.78948,0.40527046
128.80109,0.44567323
128.8127,0.36874892
128.82431,0.32692148
128.83592,0.38983441
128.84753,0.44767955
128.85914,0.50148929
128.87075,0.59115493
128.88236,0.68599998
128.89397,3.9919996
128.90558,9.5382011
128.91719,10.009976
128.9288,10.485085
128.94041,9.7556083
128.95202,11.011432
128.96363,11.029022
128.97524,9.1448141
128.98685,10.057905
128.99846,8.9306072
129.01007,9.9921852
129.02168,12.047019
129.03329,10.022805
129.0449,10.270314
129.05651,10.568404
129.06812,9.307659
129.07973,10.891838
129.09134,9.7795239
129.10295,10.025852
129.11456,10.316584
129.12617,9.2003847
129.13778,10.324574
129.14939,9.4808835
129.161,9.0152967
129.17261,9.7588002
129.18422,9.3738309
129.19583,9.3932827
129.20744,8.8833826
129.21905,8.8340405
129.23066,9.6665346
129.24227,8.9183556
129.25388,8.6727269
129.26549,8.188297
129.2771,7.9884559
129.28871,9.0686459
129.30032,8.4829474
129.31193,7.4669818
129.32354,7.288606
129.33515,7.1036593
129.34676,8.0673362
129.35837,8.4157582
129.36998,8.6417271
129.38159,6.6487035
129.3932,7.5070235
129.40481,8.6678691
129.41642,6.1947493
129.42803,8.038131
129.43964,6.8313329
129.45125,7.6515024
129.46286,6.3677482
129.47447,7.8998519
129.48608,8.7142136
129.49769,8.7726061
129.5093,9.3706909
129.52091,8.9303506
129.53252,8.306424
129.54413,8.2149649
129.55574,8.3528515
129.56735,8.9523554
129.57896,8.4064211
129.59057,11.215695
129.60218,8.9299099
129.61379,9.6629024
129.6254,9.3934762
129.63701,10.120548
129.64862,11.602967
129.66023,9.9364305
129.67184,10.39302
129.68345,12.341256
129.69506,10.529833
129.70667,9.4146224
129.71828,10.328555
129.72989,11.218433
129.7415,7.925567
129.75311,8.2780928
129.76472,10.611428
129.77633,9.9457833
129.78794,8.9732287
129.79955,9.3523298
129.81116,8.9471627
129.82277,8.0069684
129.83438,8.4615255
129.84599,8.7833484
129.8576,7.9423747
129.86921,8.2375265
129.88082,8.6590562
129.89243,8.8435742
129.90404,9.8183017
129.91565,7.9105714
129.92726,9.2290916
129.93887,8.1479452
129.95048,7.6108234
129.96209,8.7658198
129.9737,7.6949081
129.98531,6.9367452
129.99692,7.5240383
130.00853,8.0192088
130.02014,7.7769886
130.03175,6.4308973
130.04336,8.8270121
130.05497,6.7460347
130.06658,8.067644
130.07819,10.072366
130.0898,10.025308
130.10141,11.611288
130.11302,10.239125
130.12463,8.6689159
130.13624,9.9683137
130.14785,10.642028
130.15946,10.4344
130.17107,8.0060158
130.18268,9.1689808
130.19429,9.1889969
130.2059,8.6132761
130.21751,7.6137117
130.22912,8.5967637
130.24073,8.4080888
130.25234,6.9298392
130.26395,7.3574684
130.27556,7.8647501
130.28717,10.198931
130.29878,9.3762644
130.31039,10.402594
130.322,9.2229967
130.33361,9.2685661
130.34522,9.8226987
130.35683,9.4350304
130.36844,9.142821
130.38005,8.130895
130.39166,9.1849284
130.40327,8.4774265
130.41488,8.5475377
130.42649,8.0264424
130.4381,8.3932228
130.44971,8.3976932
130.46132,8.8768668
130.47293,8.1075074
130.48454,8.4617722
130.49615,8.127638
130.50776,8.9792381
130.51937,8.1923216
130.53098,8.5535967
130.54259,8.1624909
130.5542,10.734882
130.5658,11.604254
130.57741,11.327352
130.58902,12.826046
130.60063,9.8773691
130.61224,11.212195
130.62385,10.459385
130.63546,8.5682249
130.64707,10.26209
130.65868,9.6727135
130.67029,7.6065633
130.6819,9.963206
130.69351,8.2536444
130.70512,9.6066525
130.71673,10.839758
130.72834,7.3673793
130.73995,9.672314
130.75156,7.440883
130.76317,7.6751337
130.77478,9.6550489
130.78639,7.8773188
130.798,8.5703723
130.80961,7.9326178
130.82122,6.4978336
130.83283,9.0726377
130.84444,8.2029922
130.85605,9.0165329
130.86766,8.7264628
130.87927,6.8314102
130.89088,8.2408799
130.90249,8.0264229
130.9141,8.9338309
130.92571,9.091407
130.93732,7.2032255
130.94893,8.1077393
130.96054,8.4047341
130.97215,8.3022559
130.98376,8.9588268
130.99537,6.8182183
131.00698,7.0382506
131.01859,7.6476762
131.0302,8.0168853
131.04181,8.2391337
131.05342,6.9760968
131.06503,5.5697538
131.07664,6.9185195
131.08825,6.7810543
131.09986,7.3085842
131.11147,6.4459223
131.12308,4.7855421
131.13469,6.5681818
131.1463,6.403266
131.15791,6.6714915
131.16952,6.1920613
131.18113,4.4735478
131.19274,5.6837739
131.20435,5.4809443
131.21596,6.4181132
131.22757,6.0805181
131.23918,4.3883615
131.25079,5.7223538
131.2624,4.6954538
131.27401,5.8755556
131.28562,6.2025836
131.29723,8.1291372
131.30884,9.1731912
131.32045,7.9631955
131.33206,7.2917037
131.34367,8.7655874
131.35528,8.7234595
131.36689,8.9629898
131.3785,7.6872044
131.39011,7.2101633
131.40172,7.4802357
131.41333,8.0130913
131.42494,8.0412312
131.43655,7.6715565
131.44816,7.6108617
131.45977,7.3432459
131.47138,8.3800166
131.48299,7.4649247
131.4946,7.2072038
131.50621,6.7609765
131.51782,11.819376
131.52943,15.841208
131.54104,15.657761
131.55265,16.660672
131.56426,16.623756
131.57587,14.639309
131.58748,13.014604
131.59909,14.882428
131.6107,15.362204
131.62231,13.369458
131.63392,11.748127
131.64553,12.17579
131.65714,12.121921
131.66875,12.611114
131.68036,12.217839
131.69197,10.193062
131.70358,11.304502
131.71519,11.629158
131.7268,10.520036
131.73841,11.217427
131.75002,9.4437455
131.76163,9.4293013
131.77324,10.863646
131.78485,7.1780909
131.79646,10.095031
131.80807,8.3241202
131.81968,7.3219337
131.83129,10.127782
131.8429,7.062699
131.85451,9.0947991
131.86612,7.823904
131.87773,5.8844672
131.88934,9.2747603
131.90095,7.0400071
131.91256,8.0627616
131.92417,7.67485
131.93578,5.0876875
131.94739,8.0695359
131.959,7.2016897
131.97061,6.9596206
131.98222,7.4066316
131.99383,4.8601151
132.00544,6.9198644
132.01705,6.4713007
132.02866,5.9380625
132.04027,6.6087545
132.05188,4.6020039
132.06349,6.1763407
132.0751,6.1262878
132.08671,5.4719114
132.09832,6.4676502
132.10993,4.6608023
132.12154,5.2980704
132.13315,5.3636761
132.14476,5.6516558
132.15637,5.951145
132.16798,4.2833753
132.17959,4.6924288
132.1912,4.9540298
132.20281,4.6667972
132.21442,5.5416309
132.22603,4.4286166
132.23764,4.1456404
132.24925,4.2666918
132.26086,3.9276987
132.27247,5.2885128
132.28408,4.3438894
132.29569,3.9266916
132.3073,3.7449549
132.31891,3.8403243
132.33052,4.870812
132.34213,4.341533
132.35374,3.902309
132.36535,2.9517909
132.37696,4.1186953
132.38857,4.5595182
132.40018,4.3214914
132.41179,3.9351131
132.4234,2.8986143
132.43501,4.20056
132.44662,4.5042186
132.45823,4.1846287
132.46984,4.3363596
132.48145,3.2269955
132.49306,3.7134119
132.50467,4.3731522
132.51628,4.3238446
132.52789,4.5911335
132.5395,3.6658475
132.55111,4.1080592
132.56272,4.3806648
132.57433,4.6430179
132.58594,4.8281555
132.59755,4.1884816
132.60916,4.2792294
132.62077,3.3682562
132.63238,3.7111613
132.64399,3.7596036
132.6556,3.2684457
132.66721,3.4906642
132.67882,3.1197468
132.69043,2.8644421
132.70204,2.7467211
132.71365,2.4939977
132.72526,2.4607227
132.73687,2.2169967
132.74848,2.3249107
132.76009,2.6549598
132.7717,2.2952812
132.78331,2.3386995
132.79492,2.5147698
132.80653,2.9240971
132.81814,2.4170063
132.82975,2.327112
132.84136,2.4313447
132.85297,2.7471176
132.86458,2.7537189
132.87619,2.199968
132.8878,1.9893613
132.89941,2.3246334
132.91102,2.7091835
132.92263,2.543342
132.93424,2.3392242
132.94585,2.2018537
132.95746,2.3736339
132.96907,2.3642216
132.98068,2.3673676
132.99229,2.0368237
133.0039,1.9824615
133.01551,2.0772474
133.02712,1.7991987
133.03873,1.8004133
133.05034,1.6838849
133.06195,1.5867491
133.07356,1.5544573
133.08517,1.6044456
133.09678,1.6028796
133.10839,1.334955
133.12,1.414865
133.13161,1.4259155
133.14322,1.282351
133.15483,1.2347236
133.16644,1.0438146
133.17805,1.0892076
133.18966,1.1885041
133.20127,1.0043721
133.21288,0.94854524
133.22449,0.97099845
133.2361,0.89338596
133.24771,1.0572564
133.25932,0.75943969
133.27093,0.91222486
133.28254,0.84449169
133.29415,0.88619343
133.30576,0.7289967
133.31737,0.80927496
133.32898,0.78686005
133.34059,0.77172273
133.3522,0.83428205
133.36381,0.65653736
133.37542,0.70564308
133.38703,0.55484273
133.39864,0.66127199
133.41025,0.60257385
133.42186,0.56347868
133.43347,0.70422089
133.44508,0.52446165
133.45669,0.46286344
133.4683,0.46043005
133.47991,0.49870888
133.49152,0.6221095
133.50313,0.53672095
133.51474,0.61644658
133.52635,0.68942359
133.53796,0.60229729
133.54957,0.65520226
133.56118,0.65125481
133.57279,0.58267485
133.5844,0.64019887
133.59601,0.60947043
133.60762,0.58779386
133.61923,0.5934411
133.63084,0.60903857
133.64245,0.49318995
133.65406,0.56033604
133.66567,0.49543293
133.67728,0.45726469
133.68889,0.45787103
133.7005,0.34476779
133.71211,0.43457549
133.72372,0.35377203
133.73533,0.40949854
133.74694,0.37011698
133.75855,0.32582992
133.77016,0.44393199
133.78177,0.29941459
133.79338,0.34954967
133.80499,0.36825682
133.8166,0.35073464
133.82821,0.37992284
133.83982,0.40697479
133.85143,0.37183999
133.86304,0.35870658
133.87465,0.36155226
133.88626,0.37688509
133.89787,0.32613427
133.90948,0.30445722
133.92109,0.32204562
133.9327,0.31563392
133.94431,0.3086133
133.95592,0.2818123
133.96753,0.2561178
133.97914,0.33388271
133.99075,0.303641
134.00236,0.25840386
134.01397,0.23547507
134.02558,0.27919083
134.03719,0.30432623
134.0488,0.2812274
134.06041,0.29445662
134.07202,0.27582325
134.08363,0.25986181
134.09524,0.31237191
134.10685,0.24026832
134.11846,0.23879821
134.13007,0.22986368
134.14168,0.23558215
134.15329,0.25267397
134.1649,0.21029702
134.17651,0.18872224
134.18812,0.091720965
134.19973,0.17622187
134.21134,0.1393194
134.22295,0.12970586
134.23456,0.10603668
134.24617,0.14244424
134.25778,0.14566722
134.26939,0.13139993
134.281,0.080838795
134.29261,0.15865366
134.30422,0.096011315
134.31583,0.12929191
134.32744,0.11589116
134.33905,0.12974409
134.35066,0.10758233
134.36227,0.12892045
134.37388,0.13996369
134.38549,0.085585203
134.3971,0.10693411
134.40871,0.10450495
134.42032,0.16792507
134.43193,0.08748296
134.44354,0.13355039
134.45515,0.09122518
134.46676,0.11318831
134.47837,0.12065915
134.48998,0.11878404
134.50159,0.12034373
134.5132,0.12939338
134.52481,0.090603372
134.53642,0.1146582
134.54803,0.10171092
134.55964,0.082283936
134.57125,0.078982879
134.58286,0.12104056
134.59447,0.12710319
134.60608,0.066946101
134.61769,0.082073628
134.6293,0.16242212
134.64091,0.076179639
134.65252,0.093385848
134.66413,0.10516835
134.67574,0.083369372
134.68735,0.082551519
134.69896,0.12490699
134.71057,0.10148477
134.72218,0.10378398
134.73379,0.11782039
134.7454,0.084979941
134.75701,0.098858846
134.76862,0.11992295
134.78023,0.095686983
134.79184,0.13495602
134.80345,0.084978271
134.81506,0.060820553
134.82667,0.12940791
134.83828,0.10192708
134.84989,0.050640737
134.8615,0.10940632
134.87311,0.10973414
134.88472,0.050014333
134.89633,0.080359658
134.90794,0.11257646
134.91955,0.10929793
134.93116,0.056581634
134.94277,0.081915617
134.95438,0.1094638
134.96599,0.076938397
134.9776,0.092796525
134.98921,0.099286128
135.00082,0.10437774
135.01243,0.092152241
135.02404,0.081613518
135.03565,0.097572197
135.04726,0.091695253
135.05887,0.08442291
135.07048,0.10264811
135.08209,0.11951618
135.0937,0.082506097
135.10531,0.097048997
135.11692,0.11787191
135.12853,0.062120442
135.14014,0.10609234
135.15175,0.10329133
135.16336,0.052532049
135.17497,0.078284974
135.18658,0.074690129
135.19819,0.10561373
135.2098,0.10338992
135.22141,0.10773851
135.23302,0.067008808
135.24463,0.088865309
135.25624,0.10075246
135.26785,0.075924259
135.27946,0.13258502
135.29107,0.082644449
135.30268,0.080113739
135.31429,0.070754372
135.3259,0.10706969
135.33751,0.10134413
135.34912,0.087289814
135.36073,0.089663051
135.37234,0.07349697
135.38395,0.10012934
135.39556,0.061838515
135.40717,0.071948908
135.41878,0.10566644
135.43039,0.11647534
135.442,0.05613522
135.45361,0.096789316
135.46522,0.09050978
135.47683,0.060592278
135.48844,0.083503028
135.50005,0.1239773
135.51166,0.067177773
135.52327,0.066454488
135.53488,0.092938202
135.54649,0.073199834
135.5581,0.10911637
135.56971,0.086346762
135.58132,0.10126689
135.59293,0.088790515
135.60454,0.084006418
135.61615,0.077909947
135.62776,0.095617934
135.63937,0.10799121
135.65098,0.069829102
135.66259,0.11033249
135.6742,0.12266081
135.6858,0.056463329
135.69741,0.07293792
135.70902,0.10516144
135.72063,0.10249197
135.73224,0.074707253
135.74385,0.092150314
135.75546,0.062945689
135.76707,0.083082963
135.77868,0.12027512
